Date,Open,High,Low,Close,Adj Close,Volume,Dividends,Stock Splits
2007-01-02,4.698619842529297,4.76304292678833,4.659965991973877,4.732978820800781,2.250636577606201,9591841,0.0,0.0
2007-01-03,4.72438907623291,4.810286998748779,4.707210063934326,4.780222892761231,2.273101806640625,9641668,0.0,0.0
2007-01-04,4.7587480545043945,4.818877220153809,4.720094203948975,4.80169677734375,2.283313751220703,15072994,0.0,0.0
2007-01-05,4.78881311416626,4.818877220153809,4.556888103485107,4.608427047729492,2.191410541534424,13573308,0.0,0.0
2007-01-08,4.642786026000977,4.78881311416626,4.642786026000977,4.78881311416626,2.277188301086426,8254208,0.0,0.0
2007-01-09,4.767337799072266,4.775928020477295,4.513938903808594,4.625607013702393,2.1995785236358643,11688282,0.0,0.0
2007-01-10,4.984230995178223,5.102340221405029,4.960608959197998,5.078718185424805,2.4150431156158447,7576893,0.0,0.0
2007-01-11,4.621312141418457,4.715798854827881,4.574068069458008,4.638491153717041,2.205705165863037,7895411,0.0,0.0
2007-01-12,4.720094203948975,4.7587480545043945,4.617016792297363,4.655671119689941,2.213876247406006,12786328,0.0,0.0
2007-01-15,5.1968278884887695,5.1968278884887695,5.14958381652832,5.173205852508545,2.459974765777588,4493702,0.0,0.0
2007-01-16,4.698619842529297,4.7415690422058105,4.668556213378906,4.690030097961426,2.2302138805389404,11300845,0.0,0.0
2007-01-17,5.154308795928955,5.2771430015563965,5.08344316482544,5.2771430015563965,2.509398937225342,8736641,0.0,0.0
2007-01-18,5.281867027282715,5.300765037536621,5.192103862762451,5.244071960449219,2.4936728477478027,7368274,0.0,0.0
2007-01-19,4.767337799072266,4.874711036682129,4.7415690422058105,4.874711036682129,2.31803297996521,5096975,0.0,0.0
2007-01-22,4.939134120941162,4.952019214630127,4.72438907623291,4.853236198425293,2.30782151222229,9366225,0.0,0.0
2007-01-23,5.338560104370117,5.456669807434082,5.300765037536621,5.385804176330566,2.561070680618286,7806934,0.0,0.0
2007-01-24,5.385804176330566,5.433047771453857,5.314938068389893,5.433047771453857,2.5835349559783936,8487276,0.0,0.0
2007-01-25,4.896184921264648,5.106635093688965,4.8575310707092285,5.059391021728516,2.4058542251586914,10569280,0.0,0.0
2007-01-26,5.551156997680664,5.551156997680664,5.39525318145752,5.39525318145752,2.5655627250671387,5052038,0.0,0.0
2007-01-29,5.046506881713867,5.046506881713867,4.904775142669678,4.930543899536133,2.3445842266082764,5561480,0.0,0.0
2007-01-30,5.433047771453857,5.57005500793457,5.39525318145752,5.551156997680664,2.639698266983032,7913572,0.0,0.0
2007-01-31,5.588953018188477,5.664543151855469,5.513361930847168,5.565330982208252,2.646438837051392,8101469,0.0,0.0
2007-02-01,5.059391021728516,5.14958381652832,5.025032043457031,5.1109299659729,2.430361270904541,10552283,0.0,0.0
2007-02-02,5.1109299659729,5.13670015335083,5.033621788024902,5.093750953674316,2.422191858291626,6513539,0.0,0.0
2007-02-05,5.636196136474609,5.669267177581787,5.57005500793457,5.669267177581787,2.695861577987671,9957857,0.0,0.0
2007-02-06,5.650370121002197,5.716510772705078,5.579504013061523,5.579504013061523,2.653177499771118,17015530,0.0,0.0
2007-02-07,5.551156997680664,5.61729907989502,5.475566864013672,5.527535915374756,2.6284661293029785,14492538,0.0,0.0
2007-02-08,5.029326915740967,5.029326915740967,4.88330078125,4.917660236358643,2.338456630706787,10020024,0.0,0.0
2007-02-09,5.414150238037109,5.456669807434082,5.390528202056885,5.447220802307129,2.5902745723724365,11534378,0.0,0.0
2007-02-12,5.456669807434082,5.480291843414307,5.433047771453857,5.456669807434082,2.594769239425659,11473143,0.0,0.0
2007-02-13,5.480291843414307,5.702338218688965,5.456669807434082,5.702338218688965,2.711588859558105,18596242,0.0,0.0
2007-02-14,5.153879165649414,5.1710591316223145,5.089456081390381,5.13670015335083,2.442615032196045,5667885,0.0,0.0
2007-02-15,5.166763782501221,5.166763782501221,5.080865859985352,5.1109299659729,2.430361270904541,3117651,0.0,0.0
2007-02-16,5.11952018737793,5.188238143920898,5.115224838256836,5.1796488761901855,2.463038444519043,8117069,0.0,0.0
2007-02-19,5.1968278884887695,5.278430938720703,5.1968278884887695,5.218303203582764,2.481420516967773,7417868,0.0,0.0
2007-02-20,5.763754844665527,5.810998916625977,5.622023105621338,5.669267177581787,2.695861577987671,7945004,0.0,0.0
2007-02-21,5.598401069641113,5.749581813812256,5.551156997680664,5.626748085021973,2.6756441593170166,8675871,0.0,0.0
2007-02-22,5.183944225311279,5.226892948150635,5.046506881713867,5.089456081390381,2.420149326324463,9564134,0.0,0.0
2007-02-23,5.362182140350342,5.404701232910156,5.272418022155762,5.381079196929932,2.558822631835937,10013272,0.0,0.0
2007-02-26,4.72438907623291,4.917660236358643,4.612721920013428,4.78881311416626,2.277188301086426,10210017,0.0,0.0
2007-02-27,4.80169677734375,4.80169677734375,4.578362941741943,4.578362941741943,2.1771116256713867,13853873,0.0,0.0
2007-02-28,4.960608959197998,5.125961780548096,4.951159954071045,5.03619909286499,2.394824266433716,11502014,0.0,0.0
2007-03-01,4.72438907623291,4.76304292678833,4.6642608642578125,4.76304292678833,2.264932870864868,10816550,0.0,0.0
2007-03-02,5.225174903869629,5.225174903869629,5.116514205932617,5.14958381652832,2.4487414360046387,9915714,0.0,0.0
2007-03-05,5.220449924468994,5.262969970703125,5.192103862762451,5.220449924468994,2.482439994812012,8424643,0.0,0.0
2007-03-06,4.745863914489746,4.784517765045166,4.720094203948975,4.76304292678833,2.264932870864868,9272160,0.0,0.0
2007-03-07,5.291316032409668,5.300765037536621,5.173205852508545,5.173205852508545,2.459974765777588,6143100,0.0,0.0
2007-03-08,4.6814398765563965,4.737274169921875,4.4666948318481445,4.483874797821045,2.1321818828582764,11424713,0.0,0.0
2007-03-09,4.4666948318481445,4.569773197174072,4.4022722244262695,4.569773197174072,2.1730284690856934,18971339,0.0,0.0
2007-03-12,4.535414218902588,4.582657814025879,4.4666948318481445,4.509644031524658,2.1444365978240967,9867517,0.0,0.0
2007-03-13,4.548297882080078,4.595541954040527,4.406567096710205,4.4666948318481445,2.124011993408203,8169224,0.0,0.0
2007-03-14,4.548297882080078,4.7415690422058105,4.535414218902588,4.732978820800781,2.250636577606201,19075881,0.0,0.0
2007-03-15,4.72438907623291,4.904775142669678,4.68573522567749,4.874711036682129,2.31803297996521,8774360,0.0,0.0
2007-03-16,4.904775142669678,5.132404804229736,4.874711036682129,5.050802230834961,2.4017672538757324,15899090,0.0,0.0
2007-03-19,5.132404804229736,5.153879165649414,5.003558158874512,5.067980766296387,2.4099371433258057,8983213,0.0,0.0
2007-03-20,5.046506881713867,5.085161209106445,4.960608959197998,5.063685894012451,2.407895803451538,4047824,0.0,0.0
2007-03-21,5.085161209106445,5.085161209106445,4.952019214630127,5.020737171173096,2.387473821640014,5001746,0.0,0.0
2007-03-22,5.025032043457031,5.050802230834961,4.977787971496582,4.990673065185547,2.373175382614136,3702065,0.0,0.0
2007-03-23,4.982082843780518,4.982082843780518,4.793107986450195,4.831761837005615,2.2976109981536865,13377262,0.0,0.0
2007-03-26,4.887595176696777,4.909070014953613,4.732978820800781,4.8575310707092285,2.309863567352295,8597872,0.0,0.0
2007-03-27,4.870416164398193,4.939134120941162,4.823172092437744,4.891890048980713,2.326202392578125,6800624,0.0,0.0
2007-03-28,4.939134120941162,4.939134120941162,4.732978820800781,4.78881311416626,2.277188301086426,6625067,0.0,0.0
2007-03-29,4.823172092437744,4.956314086914063,4.823172092437744,4.909070014953613,2.334371566772461,8756665,0.0,0.0
2007-03-30,4.900479793548584,5.003558158874512,4.896184921264648,4.977787971496582,2.367048740386963,7489581,0.0,0.0
2007-04-02,4.990673065185547,4.990673065185547,4.909070014953613,4.960608959197998,2.358879566192627,3541409,0.0,0.0
2007-04-03,4.986378192901611,5.016441822052002,4.900479793548584,4.904775142669678,2.3323299884796143,3407762,0.0,0.0
2007-04-04,4.934838771820068,4.960608959197998,4.913364887237549,4.934838771820068,2.346625566482544,8213462,0.0,0.0
2007-04-10,4.990673065185547,4.994967937469482,4.78881311416626,4.874711036682129,2.31803297996521,6276979,0.0,0.0
2007-04-11,4.853236198425293,4.956314086914063,4.80169677734375,4.917660236358643,2.338456630706787,7777829,0.0,0.0
2007-04-12,4.939134120941162,5.063685894012451,4.917660236358643,5.042212009429932,2.397684335708618,11527626,0.0,0.0
2007-04-13,5.033621788024902,5.166763782501221,5.033621788024902,5.115224838256836,2.432403564453125,10430511,0.0,0.0
2007-04-16,5.650370121002197,5.787376880645752,5.650370121002197,5.716510772705078,2.7183282375335693,9835153,0.0,0.0
2007-04-17,5.17535400390625,5.325675010681152,5.13670015335083,5.140995025634766,2.444657325744629,9241659,0.0,0.0
2007-04-18,5.1710591316223145,5.256957054138184,5.1109299659729,5.209712982177734,2.477334976196289,8305432,0.0,0.0
2007-04-19,5.7732038497924805,5.858242988586426,5.725959777832031,5.763754844665527,2.740793943405152,12838483,0.0,0.0
2007-04-20,5.235482215881348,5.265546798706055,5.162468910217285,5.192533016204834,2.469163656234741,6980605,0.0,0.0
2007-04-23,5.1968278884887695,5.231186866760254,5.076570987701416,5.1710591316223145,2.458953380584717,8065380,0.0,0.0
2007-04-24,5.209712982177734,5.321380138397217,5.1968278884887695,5.304201126098633,2.5222651958465576,12138117,0.0,0.0
2007-04-25,5.321380138397217,5.4674072265625,5.282725811004639,5.321380138397217,2.53043532371521,16737759,0.0,0.0
2007-04-26,5.256957054138184,5.428752899169922,5.183944225311279,5.428752899169922,2.581493616104126,4765419,0.0,0.0
2007-04-27,4.982082843780518,4.982082843780518,4.737274169921875,4.767337799072266,2.266974687576294,5615497,0.0,0.0
2007-04-30,5.362182140350342,5.409426212310791,5.300765037536621,5.314938068389893,2.527371644973755,7357796,0.0,0.0
2007-05-02,4.874711036682129,4.917660236358643,4.818877220153809,4.853236198425293,2.30782151222229,8105427,0.0,0.0
2007-05-03,4.861825942993164,4.964903831481934,4.8403520584106445,4.943428993225098,2.350710153579712,9903374,0.0,0.0
2007-05-04,5.503913879394531,5.565330982208252,5.433047771453857,5.4991888999938965,2.614987134933472,7445808,0.0,0.0
2007-05-07,5.527535915374756,5.631472110748291,5.433047771453857,5.631472110748291,2.6778905391693115,10021654,0.0,0.0
2007-05-08,5.025032043457031,5.123815059661865,4.939134120941162,5.093750953674316,2.422191858291626,11035647,0.0,0.0
2007-05-09,5.274136066436768,5.304201126098633,5.123815059661865,5.162468910217285,2.454868793487549,12567231,0.0,0.0
2007-05-10,5.1968278884887695,5.21400785446167,5.166763782501221,5.21400785446167,2.479376554489136,6725884,0.0,0.0
2007-05-11,5.209712982177734,5.231186866760254,5.029326915740967,5.0550971031188965,2.40381121635437,10031665,0.0,0.0
2007-05-14,5.076570987701416,5.17535400390625,5.042212009429932,5.093750953674316,2.422191858291626,12491094,0.0,0.0
2007-05-15,5.153879165649414,5.282725811004639,5.085161209106445,5.278430938720703,2.51001238822937,15353559,0.0,0.0
2007-05-16,5.282725811004639,5.377213954925537,5.1968278884887695,5.317084789276123,2.5283920764923096,11891313,0.0,0.0
2007-05-18,5.321380138397217,5.4115729331970215,5.304201126098633,5.368624210357666,2.5529024600982666,14331184,0.0,0.0
2007-05-21,5.368624210357666,5.390099048614502,5.256957054138184,5.321380138397217,2.53043532371521,9036066,0.0,0.0
2007-05-22,5.317084789276123,5.347149848937988,5.218303203582764,5.256957054138184,2.499799966812134,11610515,0.0,0.0
2007-05-23,5.282725811004639,5.325675010681152,5.128109931945801,5.183944225311279,2.4650800228118896,15289297,0.0,0.0
2007-05-24,5.15817403793335,5.21400785446167,4.939134120941162,5.089456081390381,2.420149326324463,13618012,0.0,0.0
2007-05-25,5.089456081390381,5.132404804229736,5.025032043457031,5.132404804229736,2.440572500228882,9806748,0.0,0.0
2007-05-29,5.132404804229736,5.192533016204834,5.1109299659729,5.192533016204834,2.469163656234741,4745163,0.0,0.0
2007-05-30,5.192533016204834,5.218303203582764,5.046506881713867,5.153879165649414,2.450784683227539,9859601,0.0,0.0
2007-05-31,5.042212009429932,5.239777088165283,4.986378192901611,5.21400785446167,2.479376554489136,10348320,0.0,0.0
2007-06-01,5.218303203582764,5.239777088165283,5.1109299659729,5.13670015335083,2.442615032196045,11966053,0.0,0.0
2007-06-04,5.192533016204834,5.304201126098633,5.17535400390625,5.261251926422119,2.5018420219421387,12088058,0.0,0.0
2007-06-05,5.239777088165283,5.261251926422119,5.140995025634766,5.21400785446167,2.479376554489136,12843838,0.0,0.0
2007-06-06,5.218303203582764,5.239777088165283,5.140995025634766,5.205418109893799,2.475293159484864,10950197,0.0,0.0
2007-06-07,5.702338218688965,5.702338218688965,5.603126049041748,5.650370121002197,2.686877489089966,18062353,0.0,0.0
2007-06-08,5.059391021728516,5.209712982177734,5.007853031158447,5.209712982177734,2.477334976196289,12638478,0.0,0.0
2007-06-11,5.740132808685303,5.768478870391846,5.67871618270874,5.702338218688965,2.711588859558105,10476845,0.0,0.0
2007-06-12,5.218303203582764,5.244071960449219,5.162468910217285,5.17535400390625,2.460996627807617,11544157,0.0,0.0
2007-06-13,5.076570987701416,5.140995025634766,5.025032043457031,5.1109299659729,2.430361270904541,15265548,0.0,0.0
2007-06-14,5.132404804229736,5.235482215881348,5.132404804229736,5.1796488761901855,2.463038444519043,8913129,0.0,0.0
2007-06-15,5.735408782958984,5.801549911499023,5.73068380355835,5.782652854919434,2.7497806549072266,9126639,0.0,0.0
2007-06-18,5.282725811004639,5.295610904693604,5.140995025634766,5.235482215881348,2.489588737487793,11316212,0.0,0.0
2007-06-19,5.231186866760254,5.261251926422119,5.183944225311279,5.239777088165283,2.491631031036377,10172065,0.0,0.0
2007-06-20,5.239777088165283,5.295610904693604,5.089456081390381,5.166763782501221,2.4569127559661865,12822650,0.0,0.0
2007-06-21,5.192533016204834,5.222598075866699,5.11952018737793,5.188238143920898,2.467123508453369,10854968,0.0,0.0
2007-06-22,5.162468910217285,5.188238143920898,5.080865859985352,5.128109931945801,2.438530683517456,10102680,0.0,0.0
2007-06-25,5.128109931945801,5.1710591316223145,5.0722761154174805,5.162468910217285,2.454868793487549,11156255,0.0,0.0
2007-06-26,5.17535400390625,5.21400785446167,5.102340221405029,5.115224838256836,2.432403564453125,6535891,0.0,0.0
2007-06-27,5.106635093688965,5.183944225311279,5.067980766296387,5.17535400390625,2.460996627807617,9089152,0.0,0.0
2007-06-28,5.697614192962647,5.711787223815918,5.659818172454834,5.669267177581787,2.695861577987671,5222007,0.0,0.0
2007-06-29,5.192533016204834,5.205418109893799,5.140995025634766,5.201123237609863,2.4732511043548584,9034669,0.0,0.0
2007-07-02,5.1968278884887695,5.261251926422119,5.188238143920898,5.261251926422119,2.5018420219421387,7348250,0.0,0.0
2007-07-03,5.261251926422119,5.282725811004639,5.205418109893799,5.231186866760254,2.487545967102051,6721693,0.0,0.0
2007-07-04,5.222598075866699,5.261251926422119,5.1710591316223145,5.201123237609863,2.4732511043548584,9014645,0.0,0.0
2007-07-05,5.201123237609863,5.209712982177734,5.145288944244385,5.162468910217285,2.454868793487549,9607907,0.0,0.0
2007-07-06,5.1796488761901855,5.1968278884887695,5.13670015335083,5.14958381652832,2.4487414360046387,10838436,0.0,0.0
2007-07-09,5.14958381652832,5.1710591316223145,5.085161209106445,5.1109299659729,2.430361270904541,12406110,0.0,0.0
2007-07-10,5.102340221405029,5.248366832733154,5.093750953674316,5.248366832733154,2.495716094970703,14978929,0.0,0.0
2007-07-11,5.252662181854248,5.463111877441406,5.252662181854248,5.433047771453857,2.5835349559783936,18948521,0.0,0.0
2007-07-12,5.458817005157471,5.48888111114502,5.368624210357666,5.4115729331970215,2.5733232498168945,10145521,0.0,0.0
2007-07-13,5.40298318862915,5.5704851150512695,5.364328861236572,5.536125183105469,2.632551431655884,10579990,0.0,0.0
2007-07-16,5.536125183105469,5.540420055389404,5.475996971130371,5.48888111114502,2.610084056854248,6728445,0.0,0.0
2007-07-17,5.454522132873535,5.622023105621338,5.450226783752441,5.604844093322754,2.6652281284332275,9819088,0.0,0.0
2007-07-18,5.630612850189209,5.712215900421143,5.617728233337402,5.690742015838623,2.706075429916382,9567860,0.0,0.0
2007-07-19,5.690742015838623,5.690742015838623,5.497470855712891,5.549009799957275,2.63867735862732,8974365,0.0,0.0
2007-07-20,5.54471492767334,5.656383037567139,5.497470855712891,5.591958999633789,2.659101247787476,11972805,0.0,0.0
2007-07-23,5.5704851150512695,5.58336877822876,5.239777088165283,5.381508827209473,2.5590264797210693,16554053,0.0,0.0
2007-07-24,5.450226783752441,5.454522132873535,5.1710591316223145,5.347149848937988,2.542689561843872,21097116,0.0,0.0
2007-07-25,5.201123237609863,5.201123237609863,4.986378192901611,5.183944225311279,2.4650800228118896,18515216,0.0,0.0
2007-07-26,5.1109299659729,5.1710591316223145,4.939134120941162,4.969199180603027,2.3629653453826904,22612169,0.0,0.0
2007-07-27,5.025032043457031,5.166763782501221,4.973493099212647,5.102340221405029,2.426275968551636,20688724,0.0,0.0
2007-07-30,5.201123237609863,5.239777088165283,5.067980766296387,5.080865859985352,2.416064739227295,19250740,0.0,0.0
2007-07-31,5.067980766296387,5.132404804229736,4.964903831481934,5.132404804229736,2.440572500228882,16987357,0.0,0.0
2007-08-01,5.153879165649414,5.201123237609863,5.089456081390381,5.1710591316223145,2.458953380584717,9024424,0.0,0.0
2007-08-02,5.153879165649414,5.201123237609863,4.986378192901611,5.067980766296387,2.4099371433258057,18865399,0.0,0.0
2007-08-03,5.0722761154174805,5.098045825958252,4.900479793548584,5.012147903442383,2.3833887577056885,15121889,0.0,0.0
2007-08-06,5.089456081390381,5.089456081390381,4.874711036682129,4.960608959197998,2.358879566192627,19791148,0.0,0.0
2007-08-07,5.012147903442383,5.067980766296387,4.960608959197998,5.016441822052002,2.385430097579956,24811056,0.0,0.0
2007-08-08,4.900479793548584,4.943428993225098,4.810286998748779,4.8403520584106445,2.3016955852508545,15173578,0.0,0.0
2007-08-09,4.754454135894775,4.909070014953613,4.702915191650391,4.887595176696777,2.324159860610962,24157490,0.0,0.0
2007-08-10,4.969199180603027,4.973493099212647,4.767337799072266,4.797402858734131,2.281271457672119,8436518,0.0,0.0
2007-08-13,4.861825942993164,4.8790059089660645,4.659965991973877,4.737274169921875,2.252678632736206,21402594,0.0,0.0
2007-08-14,4.728683948516846,4.780222892761231,4.531118869781494,4.5654778480529785,2.1709868907928467,29363432,0.0,0.0
2007-08-15,4.799979209899902,4.837775230407715,4.61572790145874,4.785806179046631,2.2757568359375,30358100,0.0,0.0
2007-08-16,4.526823997497559,4.582657814025879,4.294898986816406,4.522529125213623,2.150562763214112,31822162,0.0,0.0
2007-08-17,4.574068069458008,4.72438907623291,4.574068069458008,4.668556213378906,2.2200026512146,21221915,0.0,0.0
2007-08-20,4.690030097961426,4.771633148193359,4.617016792297363,4.638491153717041,2.205705165863037,17337307,0.0,0.0
2007-08-21,4.784517765045166,4.947723865509033,4.784517765045166,4.909070014953613,2.334371566772461,14630841,0.0,0.0
2007-08-22,4.934838771820068,4.994967937469482,4.836057186126709,4.939134120941162,2.348667621612549,11861976,0.0,0.0
2007-08-23,4.926249980926514,5.033621788024902,4.8575310707092285,4.964903831481934,2.3609230518341064,19298936,0.0,0.0
2007-08-24,4.921955108642578,5.025032043457031,4.909070014953613,4.977787971496582,2.367048740386963,6215511,0.0,0.0
2007-08-27,4.939134120941162,4.956314086914063,4.810286998748779,4.844645977020264,2.303736448287964,9098466,0.0,0.0
2007-08-28,4.887595176696777,4.930543899536133,4.844645977020264,4.900479793548584,2.3302881717681885,11297120,0.0,0.0
2007-08-29,4.88330078125,4.964903831481934,4.793107986450195,4.861825942993164,2.311906099319458,10971385,0.0,0.0
2007-08-30,5.4424967765808105,5.669267177581787,5.433047771453857,5.574779033660889,2.6509318351745605,17152903,0.0,0.0
2007-08-31,5.588953018188477,5.612575054168701,5.551156997680664,5.574779033660889,2.6509318351745605,2532771,0.0,0.0
2007-09-03,5.080865859985352,5.106635093688965,5.046506881713867,5.085161209106445,2.4181082248687744,2803790,0.0,0.0
2007-09-04,5.489739894866943,5.489739894866943,5.34800910949707,5.362182140350342,2.549837350845337,6880253,0.0,0.0
2007-09-05,5.39525318145752,5.433047771453857,5.319662094116211,5.329111099243164,2.534111976623535,7257910,0.0,0.0
2007-09-06,5.244071960449219,5.28659200668335,5.111789226531982,5.144859790802002,2.446493864059448,9480780,0.0,0.0
2007-09-07,5.267693996429443,5.267693996429443,5.040923118591309,5.192103862762451,2.468961715698242,12186081,0.0,0.0
2007-09-10,4.78881311416626,4.78881311416626,4.582657814025879,4.754454135894775,2.2608482837677,13459219,0.0,0.0
2007-09-11,4.72438907623291,4.767337799072266,4.68573522567749,4.72438907623291,2.2465524673461914,19269366,0.0,0.0
2007-09-12,4.737274169921875,4.874711036682129,4.737274169921875,4.8575310707092285,2.309863567352295,13280403,0.0,0.0
2007-09-13,5.28659200668335,5.352733135223389,5.17793083190918,5.17793083190918,2.4622225761413574,8956204,0.0,0.0
2007-09-14,5.2393479347229,5.447220802307129,5.1968278884887695,5.423598766326904,2.579041719436645,22842675,0.0,0.0
2007-09-17,4.76304292678833,4.952019214630127,4.72438907623291,4.930543899536133,2.3445842266082764,25284874,0.0,0.0
2007-09-18,5.025032043457031,5.063685894012451,4.870416164398193,4.934838771820068,2.346625566482544,24213836,0.0,0.0
2007-09-19,4.947723865509033,5.033621788024902,4.913364887237549,4.999262809753418,2.377262115478516,14354234,0.0,0.0
2007-09-20,5.012147903442383,5.046506881713867,4.986378192901611,5.012147903442383,2.3833887577056885,31654522,0.0,0.0
2007-09-21,5.485015869140625,5.555881977081299,5.451944828033447,5.551156997680664,2.639698266983032,10785583,0.0,0.0
2007-09-24,4.986378192901611,5.063685894012451,4.956314086914063,5.063685894012451,2.407895803451538,11962328,0.0,0.0
2007-09-25,5.089456081390381,5.299905776977539,5.089456081390381,5.256957054138184,2.499799966812134,21314117,0.0,0.0
2007-09-26,5.299905776977539,5.475996971130371,5.295610904693604,5.4115729331970215,2.5733232498168945,21922746,0.0,0.0
2007-09-27,6.014148235321045,6.141705989837647,5.938557147979736,6.118083953857422,2.9092843532562256,11723207,0.0,0.0
2007-09-28,6.070839881896973,6.217296123504639,6.023595809936523,6.179501056671143,2.938490867614746,8727793,0.0,0.0
2007-10-01,5.518946170806885,5.652088165283203,5.475996971130371,5.626317977905273,2.675438642501831,10219330,0.0,0.0
2007-10-02,5.604844093322754,5.604844093322754,5.329969882965088,5.407278060913086,2.5712807178497314,16584787,0.0,0.0
2007-10-03,5.407278060913086,5.518946170806885,5.325675010681152,5.475996971130371,2.6039581298828125,12877832,0.0,0.0
2007-10-04,6.292887210845947,6.420444965362549,6.264540195465088,6.420444965362549,3.0530638694763184,7292370,0.0,0.0
2007-10-05,5.720806121826172,5.83676815032959,5.695036888122559,5.828178882598877,2.7714297771453857,8041631,0.0,0.0
2007-10-08,5.87542200088501,5.987090110778809,5.806704044342041,5.905487060546875,2.808189392089844,16198515,0.0,0.0
2007-10-09,5.9269609451293945,5.935551166534424,5.776639938354492,5.871128082275391,2.791851758956909,15552400,0.0,0.0
2007-10-10,6.3732008934021,6.377925872802734,6.037769794464111,6.127532958984375,2.913778781890869,17974109,0.0,0.0
2007-10-11,5.793818950653076,5.798113822937012,5.48888111114502,5.56189489364624,2.644804000854492,19824909,0.0,0.0
2007-10-12,6.033044815063477,6.141705989837647,5.924384117126465,6.141705989837647,2.920516967773437,16222497,0.0,0.0
2007-10-15,5.4845871925354,5.6091389656066895,5.385804176330566,5.540420055389404,2.6345934867858887,18026497,0.0,0.0
2007-10-16,5.475996971130371,5.579073905944824,5.40298318862915,5.557600021362305,2.642762422561645,9966006,0.0,0.0
2007-10-17,5.806274890899658,5.943282127380371,5.688165187835693,5.848793983459473,2.7812323570251465,12730681,0.0,0.0
2007-10-18,5.278430938720703,5.40298318862915,5.1710591316223145,5.329969882965088,2.5345191955566406,14076230,0.0,0.0
2007-10-19,5.3943939208984375,5.531829833984375,5.368624210357666,5.52324104309082,2.626424551010132,17603204,0.0,0.0
2007-10-22,5.454522132873535,5.531829833984375,5.304201126098633,5.407278060913086,2.5712807178497314,10927379,0.0,0.0
2007-10-23,5.4674072265625,5.480291843414307,5.261251926422119,5.398688793182373,2.5671966075897217,18150132,0.0,0.0
2007-10-24,6.2598161697387695,6.2881622314453125,6.122808933258057,6.160604000091553,2.9295032024383545,21441711,0.0,0.0
2007-10-25,5.690742015838623,5.716510772705078,5.566189765930176,5.566189765930176,2.6468472480773926,23765630,0.0,0.0
2007-10-26,5.579073905944824,5.613433837890625,5.368624210357666,5.420163154602051,2.5774078369140625,18184824,0.0,0.0
2007-10-29,5.591958999633789,5.647792816162109,5.463111877441406,5.626317977905273,2.675438642501831,18446530,0.0,0.0
2007-10-30,5.910211086273193,5.924384117126465,5.806274890899658,5.848793983459473,2.7812323570251465,14070642,0.0,0.0
2007-10-31,5.372919082641602,5.385804176330566,5.278430938720703,5.355740070343018,2.546772718429565,15525158,0.0,0.0
2007-11-01,5.905487060546875,5.905487060546875,5.744856834411621,5.744856834411621,2.731807470321656,15685581,0.0,0.0
2007-11-02,5.282725811004639,5.287021160125732,4.964903831481934,5.145288944244385,2.446698904037476,23048966,0.0,0.0
2007-11-05,5.089456081390381,5.218303203582764,4.943428993225098,5.132404804229736,2.440572500228882,37902164,0.0,0.0
2007-11-06,5.622023105621338,5.659818172454834,5.485015869140625,5.565330982208252,2.646438837051392,20566486,0.0,0.0
2007-11-07,5.598401069641113,5.707061767578125,5.536983966827393,5.673992156982422,2.698111295700073,24857855,0.0,0.0
2007-11-08,5.669267177581787,5.79210090637207,5.655094146728516,5.716510772705078,2.7183282375335693,31586301,0.0,0.0
2007-11-09,5.14958381652832,5.325675010681152,5.1109299659729,5.325675010681152,2.5324764251708984,14008243,0.0,0.0
2007-11-12,5.282725811004639,5.312790870666504,5.067980766296387,5.067980766296387,2.4099371433258057,10391627,0.0,0.0
2007-11-13,4.986378192901611,5.016441822052002,4.780222892761231,4.8403520584106445,2.3016955852508545,12454772,0.0,0.0
2007-11-14,4.891890048980713,4.904775142669678,4.780222892761231,4.784517765045166,2.27514386177063,8740599,0.0,0.0
2007-11-15,4.853236198425293,4.88330078125,4.814581871032715,4.831761837005615,2.2976109981536865,19451909,0.0,0.0
2007-11-16,5.357457160949707,5.409426212310791,5.25824499130249,5.314938068389893,2.527371644973755,13408927,0.0,0.0
2007-11-19,5.262969970703125,5.489739894866943,5.234622955322266,5.480291843414307,2.6082026958465576,18706606,0.004488,0.0
2007-11-20,5.536983966827393,5.810998916625977,5.527535915374756,5.810998916625977,2.765594959259033,20119677,0.0,0.0
2007-11-21,5.7732038497924805,5.924384117126465,5.725959777832031,5.834620952606201,2.77683687210083,18618827,0.0,0.0
2007-11-22,5.4115729331970215,5.604844093322754,5.381508827209473,5.549009799957275,2.640907287597656,57008315,0.0,0.0
2007-11-23,6.188950061798096,6.245643138885498,6.108634948730469,6.165328025817871,2.9342286586761475,15083704,0.0,0.0
2007-11-26,5.626317977905273,5.677856922149658,5.553305149078369,5.604844093322754,2.667480707168579,16628793,0.0,0.0
2007-11-27,6.231470108032227,6.236194133758545,6.099186897277832,6.203123092651367,2.9522154331207275,13251764,0.0,0.0
2007-11-28,6.231470108032227,6.231470108032227,6.094461917877197,6.222021102905273,2.961210489273072,14910010,0.0,0.0
2007-11-29,5.664971828460693,5.664971828460693,5.540420055389404,5.647792816162109,2.6879208087921143,16587115,0.0,0.0
2007-11-30,6.203123092651367,6.283438205718994,6.170053005218506,6.188950061798096,2.9454712867736816,10332255,0.0,0.0
2007-12-03,5.630612850189209,5.720806121826172,5.420163154602051,5.458817005157471,2.5979816913604736,18368065,0.0,0.0
2007-12-04,5.5704851150512695,5.647792816162109,5.437343120574951,5.4674072265625,2.6020724773406982,29278215,0.0,0.0
2007-12-05,5.368624210357666,5.385804176330566,5.231186866760254,5.299905776977539,2.5223536491394043,15960325,0.0,0.0
2007-12-06,5.317084789276123,5.351445198059082,5.13670015335083,5.209712982177734,2.479428768157959,12056858,0.0,0.0
2007-12-07,5.17535400390625,5.308495998382568,4.960608959197998,4.986378192901611,2.373138666152954,16062307,0.0,0.0
2007-12-10,5.631472110748291,5.721236228942871,5.423598766326904,5.692889213562012,2.7093844413757324,19483341,0.0,0.0
2007-12-11,5.21400785446167,5.256957054138184,5.140995025634766,5.201123237609863,2.4753410816192627,15142378,0.0,0.0
2007-12-12,5.278430938720703,5.308495998382568,5.13670015335083,5.209712982177734,2.479428768157959,14032457,0.0,0.0
2007-12-13,5.806274890899658,5.82044792175293,5.702338218688965,5.707061767578125,2.716128349304199,7579687,0.0,0.0
2007-12-14,5.787376880645752,5.848793983459473,5.716510772705078,5.83934497833252,2.779086112976074,10714103,0.0,0.0
2007-12-17,5.308495998382568,5.308495998382568,5.183944225311279,5.1968278884887695,2.473296642303467,12843373,0.0,0.0
2007-12-18,5.721236228942871,5.763754844665527,5.551156997680664,5.551156997680664,2.641929864883423,15509092,0.0,0.0
2007-12-19,5.050802230834961,5.1109299659729,4.814581871032715,4.853236198425293,2.309771776199341,14039442,0.0,0.0
2007-12-20,4.836057186126709,4.926249980926514,4.750158786773682,4.78881311416626,2.2791128158569336,16338681,0.0,0.0
2007-12-21,4.853236198425293,4.874711036682129,4.638491153717041,4.767337799072266,2.268890857696533,18667490,0.0,0.0
2007-12-27,4.78881311416626,4.844645977020264,4.6814398765563965,4.767337799072266,2.268890857696533,12527882,0.0,0.0
2007-12-28,4.853236198425293,4.891890048980713,4.767337799072266,4.810286998748779,2.2893319129943848,14789402,0.0,0.0
2008-01-02,4.771633148193359,4.775928020477295,4.647080898284912,4.767337799072266,2.268890857696533,19089618,0.0,0.0
2008-01-03,4.780222892761231,4.874711036682129,4.7587480545043945,4.848940849304199,2.307727098464966,21580713,0.0,0.0
2008-01-04,4.767337799072266,4.870416164398193,4.702915191650391,4.702915191650391,2.238229990005493,31113880,0.0,0.0
2008-01-07,4.732978820800781,4.775928020477295,4.690030097961426,4.737274169921875,2.254582405090332,17453026,0.0,0.0
2008-01-08,4.677145004272461,4.698619842529297,4.535414218902588,4.552593231201172,2.16668963432312,11061492,0.0,0.0
2008-01-09,4.453811168670654,4.522529125213623,4.35502815246582,4.501053810119629,2.1421608924865723,19052365,0.0,0.0
2008-01-10,4.49675989151001,4.5654778480529785,4.307784080505371,4.410861968994141,2.0992367267608643,20165546,0.0,0.0
2008-01-11,4.462399959564209,4.479579925537109,4.2433600425720215,4.333552837371826,2.0624430179595947,22974924,0.0,0.0
2008-01-14,4.153168201446533,4.196116924285889,4.088744163513184,4.178936958312988,1.988856196403504,20735058,0.0,0.0
2008-01-15,4.123103141784668,4.380796909332275,4.123103141784668,4.213295936584473,2.00520920753479,22342546,0.0,0.0
2008-01-16,4.187527179718018,4.187527179718018,4.041500091552734,4.123103141784668,1.9622844457626345,21648700,0.0,0.0
2008-01-17,4.290604114532471,4.501053810119629,4.251949787139893,4.4022722244262695,2.0951476097106934,29236770,0.0,0.0
2008-01-18,4.299193859100342,4.43233585357666,4.260540008544922,4.423746109008789,2.105367660522461,38585533,0.0,0.0
2008-01-21,4.483874797821045,4.505349159240723,4.363617897033691,4.505349159240723,2.14420485496521,17993667,0.0,0.0
2008-01-22,4.445220947265625,4.479579925537109,4.316373825073242,4.470990180969238,2.127852439880371,18954807,0.0,0.0
2008-01-23,4.359323024749756,4.39368200302124,4.230475902557373,4.350732803344727,2.070618391036988,12415889,0.0,0.0
2008-01-24,4.397976875305176,4.4022722244262695,4.187527179718018,4.209001064300537,2.003166437149048,43837576,0.0,0.0
2008-01-25,4.080153942108154,4.123103141784668,3.981372117996216,4.04579496383667,1.925491571426392,17303081,0.0,0.0
2008-01-28,4.002845764160156,4.10162878036499,3.904062986373901,3.994256019592285,1.9009634256362915,26268598,0.0,0.0
2008-01-29,4.037205219268799,4.058680057525635,3.959897041320801,3.9727818965911865,1.890742301940918,17235326,0.0,0.0
2008-01-30,4.032909870147705,4.170347213745117,4.02432107925415,4.123103141784668,1.9622844457626345,22398194,0.0,0.0
2008-01-31,4.217590808868408,4.4022722244262695,4.217590808868408,4.307784080505371,2.050180196762085,28355492,0.0,0.0
2008-02-01,4.33784818649292,4.470990180969238,4.33784818649292,4.428040981292725,2.1074109077453613,35193836,0.0,0.0
2008-02-04,4.49675989151001,4.526823997497559,4.273425102233887,4.294898986816406,2.0440449714660645,17137536,0.0,0.0
2008-02-05,4.277719974517822,4.380796909332275,4.230475902557373,4.380796909332275,2.084926128387451,12818226,0.0,0.0
2008-02-06,4.4666948318481445,4.49675989151001,4.39368200302124,4.488170146942139,2.136028289794922,18533610,0.0,0.0
2008-02-07,4.522529125213623,4.531118869781494,4.346437931060791,4.380796909332275,2.084926128387451,18375050,0.0,0.0
2008-02-08,4.303489208221436,4.488170146942139,4.299193859100342,4.488170146942139,2.136028289794922,10703160,0.0,0.0
2008-02-11,4.548297882080078,4.578362941741943,4.4409260749816895,4.475285053253174,2.129897117614746,14733987,0.0,0.0
2008-02-12,4.535414218902588,4.556888103485107,4.4194512367248535,4.556888103485107,2.1687326431274414,18342919,0.0,0.0
2008-02-13,4.483874797821045,4.655671119689941,4.453811168670654,4.655671119689941,2.216885805130005,15928427,0.002341,0.0
2008-02-14,4.591247081756592,4.780222892761231,4.574068069458008,4.780222892761231,2.2761929035186768,23588210,0.0,0.0
2008-02-15,4.711504936218262,4.956314086914063,4.68573522567749,4.909070014953613,2.337545871734619,38468650,0.0,0.0
2008-02-18,4.8661208152771,4.917660236358643,4.771633148193359,4.805992126464844,2.288464307785034,16465343,0.0,0.0
2008-02-19,4.732978820800781,4.7415690422058105,4.578362941741943,4.617016792297363,2.198479413986206,12469906,0.0,0.0
2008-02-20,4.638491153717041,4.715798854827881,4.561182975769043,4.694324970245361,2.2352919578552246,17270717,0.0,0.0
2008-02-21,4.659965991973877,4.677145004272461,4.522529125213623,4.629900932312012,2.204613447189331,17383874,0.0,0.0
2008-02-22,4.659965991973877,4.848940849304199,4.659965991973877,4.8403520584106445,2.304824113845825,16309810,0.0,0.0
2008-02-25,4.810286998748779,4.836057186126709,4.698619842529297,4.698619842529297,2.237335681915283,18616499,0.0,0.0
2008-02-26,4.621312141418457,4.6814398765563965,4.518233776092529,4.531118869781494,2.157577514648437,12907868,0.0,0.0
2008-02-27,4.544003009796143,4.561182975769043,4.428040981292725,4.445220947265625,2.11667537689209,11191879,0.0,0.0
2008-02-28,4.531118869781494,4.638491153717041,4.470990180969238,4.638491153717041,2.208705186843872,12775618,0.0,0.0
2008-02-29,4.638491153717041,4.68573522567749,4.518233776092529,4.531118869781494,2.157577514648437,14315118,0.0,0.0
2008-03-03,4.4666948318481445,4.595541954040527,4.397976875305176,4.591247081756592,2.186208963394165,14875550,0.0,0.0
2008-03-04,4.599836826324463,4.659965991973877,4.410861968994141,4.49675989151001,2.14121675491333,13872966,0.0,0.0
2008-03-05,4.380796909332275,4.389387130737305,4.273425102233887,4.316373825073242,2.0553219318389893,15818296,0.0,0.0
2008-03-06,4.397976875305176,4.518233776092529,4.39368200302124,4.509644031524658,2.1473517417907715,43395890,0.0,0.0
2008-03-07,4.509644031524658,4.595541954040527,4.299193859100342,4.324964046478272,2.059413194656372,17576428,0.0,0.0
2008-03-10,4.294898986816406,4.410861968994141,4.264834880828857,4.380796909332275,2.08599853515625,12076416,0.0,0.0
2008-03-11,4.423746109008789,4.458105087280273,4.303489208221436,4.316373825073242,2.0553219318389893,9773685,0.0,0.0
2008-03-12,4.4194512367248535,4.488170146942139,4.385091781616211,4.470990180969238,2.12894606590271,13208457,0.0,0.0
2008-03-13,4.470990180969238,4.509644031524658,4.380796909332275,4.49675989151001,2.14121675491333,11481990,0.0,0.0
2008-03-14,4.518233776092529,4.531118869781494,4.342143058776856,4.342143058776856,2.067593097686768,12728818,0.0,0.0
2008-03-17,4.380796909332275,4.389387130737305,4.251949787139893,4.316373825073242,2.0553219318389893,13426855,0.0,0.0
2008-03-18,4.324964046478272,4.423746109008789,4.251949787139893,4.423746109008789,2.106449842453003,13976577,0.0,0.0
2008-03-19,4.453811168670654,4.578362941741943,4.43233585357666,4.569773197174072,2.175983190536499,21121796,0.0,0.0
2008-03-25,4.591247081756592,4.6814398765563965,4.552593231201172,4.595541954040527,2.1882529258728027,15707700,0.0,0.0
2008-03-26,4.552593231201172,4.677145004272461,4.522529125213623,4.655671119689941,2.216885805130005,11657082,0.0,0.0
2008-03-27,4.659965991973877,4.668556213378906,4.552593231201172,4.604132175445557,2.192344188690185,11199562,0.0,0.0
2008-03-28,4.638491153717041,4.690030097961426,4.617016792297363,4.617016792297363,2.198479413986206,10054716,0.0,0.0
2008-03-31,4.599836826324463,4.715798854827881,4.578362941741943,4.702915191650391,2.2393810749053955,11666395,0.0,0.0
2008-04-01,4.647080898284912,4.698619842529297,4.535414218902588,4.617016792297363,2.198479413986206,7378519,0.0,0.0
2008-04-02,4.625607013702393,4.629900932312012,4.544003009796143,4.556888103485107,2.1698479652404785,10261240,0.0,0.0
2008-04-03,4.526823997497559,4.531118869781494,4.458105087280273,4.470990180969238,2.12894606590271,10600713,0.0,0.0
2008-04-04,4.43233585357666,4.4666948318481445,4.359323024749756,4.39368200302124,2.092134714126587,9849822,0.0,0.0
2008-04-07,4.436631202697754,4.458105087280273,4.397976875305176,4.406567096710205,2.0982699394226074,5486740,0.0,0.0
2008-04-08,4.483874797821045,4.647080898284912,4.470990180969238,4.629900932312012,2.204613447189331,19631424,0.0,0.0
2008-04-09,4.608427047729492,4.76304292678833,4.578362941741943,4.737274169921875,2.255741834640503,18647466,0.0,0.0
2008-04-10,4.78881311416626,4.8790059089660645,4.754454135894775,4.848940849304199,2.3089141845703125,12085497,0.0,0.0
2008-04-11,4.8790059089660645,4.891890048980713,4.737274169921875,4.750158786773682,2.2618768215179443,14970780,0.0,0.0
2008-04-14,4.7587480545043945,4.797402858734131,4.659965991973877,4.6814398765563965,2.229154586791992,7053482,0.0,0.0
2008-04-15,4.672850131988525,4.750158786773682,4.655671119689941,4.672850131988525,2.2250654697418213,12059187,0.0,0.0
2008-04-16,4.711504936218262,4.767337799072266,4.659965991973877,4.767337799072266,2.270057439804077,13838739,0.0,0.0
2008-04-17,4.793107986450195,4.88330078125,4.78881311416626,4.82746696472168,2.2986888885498047,11927868,0.0,0.0
2008-04-18,4.814581871032715,4.844645977020264,4.690030097961426,4.728683948516846,2.2516510486602783,8483085,0.0,0.0
2008-04-21,4.3258957862854,4.79507303237915,4.3043742179870605,4.7132887840271,2.244321346282959,24404708,0.0,0.0
2008-04-22,4.950029850006104,5.122204780578613,4.760638236999512,4.868247032165527,2.318107843399048,30344247,0.0,0.0
2008-04-23,4.906986236572266,4.941421031951904,4.799376964569092,4.906986236572266,2.336553812026977,15221027,0.0,0.0
2008-04-24,4.881159782409668,4.881159782409668,4.739116191864014,4.782158851623535,2.2771153450012207,18347846,0.0,0.0
2008-04-25,4.816594123840332,4.851028919219971,4.678853988647461,4.700376033782959,2.2381722927093506,19940644,0.0,0.0
2008-04-28,4.739116191864014,4.807985782623291,4.6530280113220215,4.739116191864014,2.2566182613372803,15874781,0.0,0.0
2008-04-29,4.657332897186279,4.734810829162598,4.635810852050781,4.7132887840271,2.244321346282959,9193902,0.0,0.0
2008-04-30,4.734810829162598,4.773550987243652,4.657332897186279,4.739116191864014,2.2566182613372803,9418790,0.0,0.0
2008-05-02,4.734810829162598,4.773550987243652,4.657332897186279,4.739116191864014,2.2566182613372803,9418790,0.0,0.0
2008-05-05,4.64872407913208,4.68746280670166,4.597071170806885,4.605679988861084,2.193079710006714,19766635,0.0,0.0
2008-05-06,4.644419193267822,4.734810829162598,4.592766761779785,4.734810829162598,2.254569292068481,13137333,0.0,0.0
2008-05-07,4.777854919433594,4.790768146514893,4.683158874511719,4.696072101593018,2.236122369766236,27256458,0.0,0.0
2008-05-08,4.730506896972656,4.777854919433594,4.696072101593018,4.726202964782715,2.2504701614379883,28335825,0.0,0.0
2008-05-09,4.678853988647461,4.678853988647461,4.597071170806885,4.635810852050781,2.207428455352783,25709659,0.0,0.0
2008-05-13,4.644419193267822,4.644419193267822,4.549723148345947,4.584157943725586,2.182832717895508,40128480,0.0,0.0
2008-05-14,4.54111385345459,4.597071170806885,4.480853080749512,4.519592761993408,2.1520886421203613,14636738,0.0,0.0
2008-05-15,4.54111385345459,4.5798540115356445,4.532505989074707,4.562635898590088,2.1725845336914062,15182229,0.0,0.0
2008-05-16,4.549723148345947,4.721898078918457,4.528201103210449,4.721898078918457,2.2484209537506104,32960190,0.0,0.0
2008-05-19,4.7477240562438965,4.902681827545166,4.734810829162598,4.872550964355469,2.320157051086426,23379472,0.0,0.0
2008-05-20,4.7477240562438965,4.902681827545166,4.734810829162598,4.872550964355469,2.320157051086426,23379472,0.0,0.0
2008-05-21,4.8639421463012695,5.057639122009277,4.846724987030029,5.057639122009277,2.408290147781372,69501622,0.0,0.0
2008-05-22,4.8639421463012695,5.057639122009277,4.846724987030029,5.057639122009277,2.408290147781372,69501622,0.0,0.0
2008-05-23,4.958639144897461,4.988769054412842,4.79507303237915,4.816594123840332,2.293512344360352,19505970,0.0,0.0
2008-05-26,4.83811616897583,4.851028919219971,4.704680919647217,4.726202964782715,2.2504701614379883,13960681,0.0,0.0
2008-05-27,4.704680919647217,4.816594123840332,4.683158874511719,4.7477240562438965,2.26071834564209,21857532,0.0,0.0
2008-05-28,4.799376964569092,4.950029850006104,4.760638236999512,4.911291122436523,2.3386030197143555,16565473,0.0,0.0
2008-05-29,4.803680896759033,4.803680896759033,4.644419193267822,4.700376033782959,2.2381722927093506,26104606,0.0,0.0
2008-05-30,4.622898101806641,4.627202033996582,4.519592761993408,4.536809921264648,2.160287380218506,23912418,0.0,0.0
2008-06-02,4.5583319664001465,4.592766761779785,4.506679058074951,4.506679058074951,2.145939588546753,14823757,0.0,0.0
2008-06-03,4.64872407913208,4.734810829162598,4.545419216156006,4.670246124267578,2.223825454711914,27576133,0.0,0.0
2008-06-04,4.7692461013793945,4.773550987243652,4.68746280670166,4.68746280670166,2.2320239543914795,13434008,0.0,0.0
2008-06-05,4.726202964782715,4.7692461013793945,4.635810852050781,4.7692461013793945,2.2709670066833496,11255294,0.0,0.0
2008-06-06,4.807985782623291,4.941421031951904,4.803680896759033,4.885464191436768,2.326305627822876,17094702,0.0,0.0
2008-06-09,4.842421054840088,4.872550964355469,4.691768169403076,4.704680919647217,2.240222454071045,22352609,0.0,0.0
2008-06-10,4.704680919647217,4.764942169189453,4.657332897186279,4.7132887840271,2.244321346282959,23221493,0.0,0.0
2008-06-11,4.68746280670166,4.730506896972656,4.519592761993408,4.545419216156006,2.1643872261047363,19597505,0.0,0.0
2008-06-12,4.605679988861084,4.644419193267822,4.528201103210449,4.528201103210449,2.158790111541748,20163673,0.005479,0.0
2008-06-13,4.51528787612915,4.54111385345459,4.373243808746338,4.373243808746338,2.0849146842956543,19670454,0.0,0.0
2008-06-16,4.420591831207275,4.597071170806885,4.420591831207275,4.47654914855957,2.1341662406921387,16485787,0.0,0.0
2008-06-17,4.411983013153076,4.450723171234131,4.257026195526123,4.2613301277160645,2.0315604209899902,22614668,0.0,0.0
2008-06-18,4.3043742179870605,4.360331058502197,4.2828521728515625,4.31298303604126,2.056185722351074,17976364,0.0,0.0
2008-06-19,4.35602617263794,4.433505058288574,4.291460990905762,4.3775482177734375,2.086968421936035,24616121,0.0,0.0
2008-06-20,4.3043742179870605,4.360331058502197,4.239808082580566,4.269938945770264,2.035664796829224,14233892,0.0,0.0
2008-06-23,4.3043742179870605,4.3258957862854,4.222590923309326,4.222590923309326,2.013092041015625,19929261,0.0,0.0
2008-06-24,4.231198787689209,4.278547763824463,4.0719380378723145,4.110676765441895,1.95973801612854,15050735,0.0,0.0
2008-06-25,4.102067947387695,4.222590923309326,4.067633152008057,4.097764015197754,1.953583121299744,10452854,0.0,0.0
2008-06-26,4.19676399230957,4.2096781730651855,4.041807174682617,4.089155197143555,1.949477910995484,16613564,0.0,0.0
2008-06-27,4.089155197143555,4.123589992523193,3.990154981613159,4.110676765441895,1.95973801612854,16201425,0.0,0.0
2008-06-30,4.041807174682617,4.123589992523193,3.942806005477905,4.089155197143555,1.949477910995484,20131148,0.0,0.0
2008-07-01,4.063329219818115,4.114981174468994,4.024590015411377,4.037502765655518,1.9248523712158203,10901003,0.0,0.0
2008-07-02,4.114981174468994,4.14080810546875,4.037502765655518,4.046111106872559,1.9289573431015008,11602847,0.0,0.0
2008-07-03,3.960024118423462,4.084850788116455,3.8997631072998047,4.003067970275879,1.9084357023239136,18181271,0.0,0.0
2008-07-04,4.067633152008057,4.407679080963135,4.024590015411377,4.390460968017578,2.093124389648437,21063920,0.0,0.0
2008-07-07,4.433505058288574,4.489461898803711,4.3302001953125,4.36893892288208,2.082862615585327,22151883,0.0,0.0
2008-07-08,4.3775482177734375,4.536809921264648,4.3775482177734375,4.442113876342773,2.117748260498047,18222625,0.0,0.0
2008-07-09,4.519592761993408,4.519592761993408,4.390460968017578,4.390460968017578,2.093124389648437,18605259,0.0,0.0
2008-07-10,4.36893892288208,4.437808990478516,4.3043742179870605,4.437808990478516,2.1156954765319824,16992016,0.0,0.0
2008-07-11,4.442113876342773,4.472243785858154,4.35172176361084,4.411983013153076,2.1033835411071777,12230348,0.0,0.0
2008-07-14,4.407679080963135,4.429201126098633,4.347417831420898,4.35602617263794,2.0767061710357666,21545059,0.0,0.0
2008-07-15,4.321590900421143,4.347417831420898,4.222590923309326,4.2613301277160645,2.0315604209899902,15193381,0.0,0.0
2008-07-16,4.31298303604126,4.334504127502441,4.1666340827941895,4.170938014984131,1.98846697807312,7384813,0.0,0.0
2008-07-17,4.218286037445068,4.317286968231201,4.17954683303833,4.317286968231201,2.058237314224243,9031742,0.0,0.0
2008-07-18,4.35602617263794,4.429201126098633,4.347417831420898,4.424895763397217,2.109540700912476,14937827,0.0,0.0
2008-07-21,4.399069786071777,4.498071193695068,4.308678150177002,4.437808990478516,2.1156954765319824,8860056,0.0,0.0
2008-07-22,4.411983013153076,4.437808990478516,4.347417831420898,4.381853103637695,2.089020013809204,7636649,0.0,0.0
2008-07-23,4.399069786071777,4.399069786071777,4.17954683303833,4.278547763824463,2.0397696495056152,10653348,0.0,0.0
2008-07-24,4.3302001953125,4.450723171234131,4.317286968231201,4.450723171234131,2.1218531131744385,14641384,0.0,0.0
2008-07-25,4.47654914855957,4.498071193695068,4.3775482177734375,4.489461898803711,2.1403212547302246,13754147,0.0,0.0
2008-07-28,4.472243785858154,4.4851579666137695,4.3775482177734375,4.381853103637695,2.089020013809204,9245710,0.0,0.0
2008-07-29,4.31298303604126,4.407679080963135,4.287156105041504,4.3000688552856445,2.0500292778015137,12983071,0.0,0.0
2008-07-30,4.343112945556641,4.364634990692139,4.149415969848633,4.153720855712891,1.980258584022522,12452448,0.0,0.0
2008-07-31,4.569093227386475,4.711136817932129,4.569093227386475,4.569093227386475,2.178284883499145,12908496,0.0,0.0
2008-08-01,4.153720855712891,4.231198787689209,4.041807174682617,4.067633152008057,1.9392180442810056,25765881,0.0,0.0
2008-08-04,4.114981174468994,4.201068878173828,4.106372833251953,4.170938014984131,1.98846697807312,11804735,0.0,0.0
2008-08-05,4.175242900848389,4.213982105255127,4.059023857116699,4.132198810577393,1.969998359680176,9135125,0.0,0.0
2008-08-06,4.123589992523193,4.17954683303833,4.041807174682617,4.046111106872559,1.9369375705719,8532018,0.017024,0.0
2008-08-07,4.003067970275879,4.0719380378723145,3.921284914016724,4.024590015411377,1.9266340732574463,8819864,0.0,0.0
2008-08-08,4.089155197143555,4.17954683303833,4.067633152008057,4.14080810546875,1.9822707176208496,11624685,0.0,0.0
2008-08-11,4.162329196929932,4.192460060119629,4.076241970062256,4.149415969848633,1.9863905906677248,12686396,0.0,0.0
2008-08-12,4.153720855712891,4.226894855499268,4.123589992523193,4.192460060119629,2.006995677947998,9392305,0.0,0.0
2008-08-13,4.175242900848389,4.192460060119629,4.037502765655518,4.041807174682617,1.9348766803741453,7181299,0.0,0.0
2008-08-14,4.015981197357178,4.067633152008057,3.9643280506134033,3.977241039276123,1.9039679765701287,9816293,0.0,0.0
2008-08-15,4.015981197357178,4.093459129333496,3.955719947814941,4.067633152008057,1.9472390413284304,7308379,0.0,0.0
2008-08-18,4.127893924713135,4.188156127929688,4.119286060333252,4.183850765228272,2.0028738975524902,18252826,0.0,0.0
2008-08-19,4.183850765228272,4.19676399230957,4.059023857116699,4.102067947387695,1.963724493980408,15170613,0.0,0.0
2008-08-20,4.132198810577393,4.132198810577393,3.985850095748901,4.003067970275879,1.916331171989441,8938348,0.0,0.0
2008-08-21,4.037502765655518,4.14080810546875,4.020285129547119,4.037502765655518,1.9328161478042605,12039845,0.0,0.0
2008-08-22,4.067633152008057,4.123589992523193,4.015981197357178,4.046111106872559,1.9369375705719,12779789,0.0,0.0
2008-08-25,4.03319787979126,4.0719380378723145,3.912676095962525,3.912676095962525,1.8730599880218504,15099755,0.0,0.0
2008-08-26,3.852415084838867,4.003067970275879,3.7921528816223145,4.003067970275879,1.916331171989441,11958300,0.0,0.0
2008-08-27,4.162329196929932,4.188156127929688,3.968632936477661,3.990154981613159,1.910149335861206,16542706,0.0,0.0
2008-08-28,3.955719947814941,4.046111106872559,3.869632005691528,3.895457983016968,1.8648169040679927,9972181,0.0,0.0
2008-08-29,3.947110891342163,3.9729371070861816,3.830893039703369,3.9643280506134033,1.897785902023316,15154815,0.0,0.0
2008-09-01,3.8997631072998047,4.028893947601318,3.8179800510406494,4.028893947601318,1.9286950826644893,16807320,0.0,0.0
2008-09-02,3.981545925140381,4.037502765655518,3.916980028152466,3.9944589138031006,1.91221022605896,17126530,0.0,0.0
2008-09-03,3.766326904296875,3.895457983016968,3.684544086456299,3.7620229721069336,1.800939440727234,19586586,0.0,0.0
2008-09-04,3.6587181091308594,3.835196971893311,3.5252819061279297,3.796458005905152,1.8174240589141848,24478818,0.0,0.0
2008-09-05,3.740500926971436,3.766326904296875,3.5252819061279297,3.551107883453369,1.6999714374542236,20576277,0.0,0.0
2008-09-08,3.6242830753326416,3.955719947814941,3.551107883453369,3.882544994354248,1.8586350679397583,36196665,0.0,0.0
2008-09-09,4.132198810577393,4.170938014984131,4.024590015411377,4.153720855712891,1.991260528564453,20713811,0.005479,0.0
2008-09-10,4.132198810577393,4.153720855712891,3.938502073287964,3.938502073287964,1.8880867958068848,13085757,0.0,0.0
2008-09-11,3.916980028152466,4.020285129547119,3.826587915420532,3.878241062164306,1.8591983318328853,16831482,0.0,0.0
2008-09-12,3.942806005477905,3.977241039276123,3.839500904083252,3.8739359378814697,1.8571341037750244,10112271,0.0,0.0
2008-09-15,3.938502073287964,4.015981197357178,3.908370971679688,4.003067970275879,1.9190391302108765,12439438,0.0,0.0
2008-09-16,3.912676095962525,4.024590015411377,3.882544994354248,4.024590015411377,1.9293571710586548,10559258,0.0,0.0
2008-09-17,3.904067039489746,3.916980028152466,3.564021110534668,3.8179800510406494,1.8303093910217283,18400351,0.0,0.0
2008-09-18,3.869632005691528,4.097764015197754,3.766326904296875,4.097764015197754,1.964436411857605,22256428,0.0,0.0
2008-09-19,4.037502765655518,4.1666340827941895,3.921284914016724,4.132198810577393,1.980942845344544,14601657,0.0,0.0
2008-09-22,4.050415992736816,4.114981174468994,3.7103700637817374,3.878241062164306,1.8591983318328853,13557371,0.0,0.0
2008-09-23,3.968632936477661,3.968632936477661,3.589848041534424,3.628587007522583,1.7395164966583252,20770266,0.0,0.0
2008-09-24,3.2928459644317627,3.473629951477051,2.970017910003662,3.473629951477051,1.665231227874756,17983798,0.0,0.0
2008-09-25,3.477933883666992,3.533890962600708,3.2498021125793457,3.335890054702759,1.5992002487182615,17812112,0.0,0.0
2008-09-26,3.056104898452759,3.564021110534668,2.926974058151245,3.2713239192962646,1.5682471990585327,29281375,0.0,0.0
2008-09-29,3.4047598838806152,3.443499088287353,3.013062000274658,3.043191909790039,1.4588818550109863,42587606,0.0,0.0
2008-09-30,2.7332770824432373,3.013062000274658,2.634277105331421,2.926974058151245,1.4031678438186646,44479402,0.0,0.0
2008-10-01,3.1464970111846924,3.663022041320801,3.086236000061035,3.663022041320801,1.756023645401001,19282244,0.0,0.0
2008-10-02,3.843806028366089,3.908370971679688,3.5381948947906494,3.744805097579956,1.7952301502227783,30405348,0.0,0.0
2008-10-03,3.4994559288024902,3.572629928588867,3.013062000274658,3.3574109077453613,1.6095166206359863,17249429,0.0,0.0
2008-10-06,3.4219770431518555,3.4219770431518555,2.888235092163086,3.1163671016693115,1.493962287902832,21070890,0.0,0.0
2008-10-07,3.099148988723755,3.15080189704895,2.948496103286743,2.948496103286743,1.4134858846664429,26370150,0.0,0.0
2008-10-08,3.0518009662628174,3.1120619773864746,2.952800035476685,3.086236000061035,1.4795172214508057,22229246,0.0,0.0
2008-10-09,2.982930898666382,3.090539932250977,2.9657130241394043,3.0173659324646,1.44650137424469,21474898,0.0,0.0
2008-10-10,2.9226698875427246,2.9226698875427246,2.66871190071106,2.66871190071106,1.2793604135513306,17992626,0.0,0.0
2008-10-13,2.6601030826568604,2.690232992172241,2.3889269828796387,2.4104490280151367,1.1555503606796265,35135884,0.0,0.0
2008-10-14,2.2339699268341064,2.268404960632324,2.0747079849243164,2.1995348930358887,1.0544394254684448,25049401,0.0,0.0
2008-10-15,2.1521871089935303,2.2554919719696045,2.100533962249756,2.1694040298461914,1.0399956703186035,48094330,0.0,0.0
2008-10-16,2.2899270057678223,2.4319710731506348,2.2296650409698486,2.4104490280151367,1.1555503606796265,30252480,0.0,0.0
2008-10-17,2.475014925003052,2.7978429794311523,2.4276669025421143,2.6988420486450195,1.2938026189804075,32610546,0.0,0.0
2008-10-20,2.862407922744751,3.02167010307312,2.8408870697021484,3.0087571144104004,1.4423739910125732,34521625,0.0,0.0
2008-10-21,2.905452013015747,3.1335840225219727,2.767712116241455,3.099148988723755,1.4857076406478882,23704025,0.0,0.0
2008-10-22,3.508064985275269,3.564021110534668,3.318671941757202,3.5425000190734863,1.698247313499451,40762718,0.0,0.0
2008-10-23,3.594151973724365,3.942806005477905,3.564021110534668,3.774935960769653,1.8096747398376465,57478272,0.0,0.0
2008-10-24,3.7361960411071777,3.740500926971436,3.331584930419922,3.396151065826416,1.6280885934829712,43355894,0.0,0.0
2008-10-27,3.2928459644317627,3.374629020690918,3.1895411014556885,3.245497941970825,1.555866241455078,21458867,0.0,0.0
2008-10-28,3.2928459644317627,3.5425000190734863,3.2928459644317627,3.443499088287353,1.6507867574691772,27088489,0.0,0.0
2008-10-29,3.6199779510498047,3.6974570751190186,3.477933883666992,3.602761030197144,1.7271366119384766,17333297,0.0,0.0
2008-10-30,3.4650208950042725,3.6156740188598633,3.409064054489136,3.564021110534668,1.708564519882202,17514275,0.0,0.0
2008-10-31,3.5166730880737305,3.5166730880737305,3.228280067443848,3.228280067443848,1.5476120710372925,20706377,0.0,0.0
2008-11-03,3.2067580223083496,3.607064962387085,3.19384503364563,3.602761030197144,1.7271366119384766,18891247,0.0,0.0
2008-11-04,3.641499996185303,3.671631097793579,3.4521079063415527,3.477933883666992,1.667293906211853,13079485,0.0,0.0
2008-11-05,3.391845941543579,3.5037600994110107,3.3617160320281982,3.4219770431518555,1.640468716621399,19250184,0.0,0.0
2008-11-06,3.335890054702759,3.434890031814575,3.16371488571167,3.2067580223083496,1.537294626235962,16139163,0.0,0.0
2008-11-07,3.2067580223083496,3.310062885284424,3.060410022735596,3.060410022735596,1.4671368598937988,17919677,0.0,0.0
2008-11-10,2.948496103286743,3.0087571144104004,2.772017002105713,2.7978429794311523,1.3412636518478394,18408017,0.0,0.0
2008-11-11,3.0173659324646,3.185236930847168,2.9786269664764404,3.142193078994751,1.5063434839248655,23389462,0.0,0.0
2008-11-12,3.120671033859253,3.335890054702759,3.099148988723755,3.2713239192962646,1.5682471990585327,18812722,0.0,0.0
2008-11-13,3.254106044769287,3.641499996185303,3.2196719646453857,3.572629928588867,1.7126916646957395,17986586,0.0,0.0
2008-11-14,3.551107883453369,3.6156740188598633,3.5252819061279297,3.5381948947906494,1.6961829662322998,8289241,0.0,0.0
2008-11-17,3.52958607673645,3.637196063995361,3.473629951477051,3.551107883453369,1.7023725509643557,13210514,0.0,0.0
2008-11-18,3.3832380771636963,3.460716009140014,3.3574109077453613,3.456412076950073,1.6569774150848389,12008016,0.0,0.0
2008-11-19,3.4822380542755127,3.602761030197144,3.4650208950042725,3.572629928588867,1.7126916646957395,15565328,0.0,0.0
2008-11-20,3.52958607673645,3.594151973724365,3.456412076950073,3.572629928588867,1.7126916646957395,13679804,0.0,0.0
2008-11-21,3.594151973724365,3.7361960411071777,3.572629928588867,3.611370086669922,1.7312629222869873,13582461,0.0,0.0
2008-11-24,3.52958607673645,3.714674949645996,3.4521079063415527,3.70176100730896,1.7745949029922483,17635083,0.0,0.0
2008-11-25,3.8567190170288086,3.916980028152466,3.813674926757813,3.912676095962525,1.875706553459168,28200149,0.0,0.0
2008-11-26,3.916980028152466,3.916980028152466,3.813674926757813,3.8739359378814697,1.8571341037750244,16514595,0.0,0.0
2008-11-27,3.938502073287964,3.985850095748901,3.7921528816223145,3.869632005691528,1.855070948600769,16180516,0.0,0.0
2008-11-28,3.869632005691528,3.8911540508270255,3.757718086242676,3.7620229721069336,1.803483843803405,13688632,0.0,0.0
2008-12-01,3.632890939712525,3.8739359378814697,3.607064962387085,3.8739359378814697,1.8571341037750244,9504517,0.0,0.0
2008-12-02,3.852415084838867,3.8911540508270255,3.602761030197144,3.637196063995361,1.7436431646347046,9610455,0.0,0.0
2008-12-03,3.744805097579956,3.843806028366089,3.70176100730896,3.843806028366089,1.842690348625183,10547409,0.0,0.0
2008-12-04,3.839500904083252,3.8739359378814697,3.714674949645996,3.8739359378814697,1.8571341037750244,24974129,0.0,0.0
2008-12-05,3.8739359378814697,3.8911540508270255,3.684544086456299,3.774935960769653,1.8096747398376465,12097460,0.0,0.0
2008-12-08,3.740500926971436,3.805066108703613,3.637196063995361,3.7060658931732178,1.776658296585083,15133442,0.0,0.0
2008-12-09,3.744805097579956,3.749109983444214,3.533890962600708,3.611370086669922,1.7312629222869873,9901555,0.0,0.0
2008-12-10,3.6156740188598633,3.650109052658081,3.4047598838806152,3.4650208950042725,1.661103367805481,8960187,0.0,0.0
2008-12-11,3.52958607673645,3.52958607673645,3.3272809982299805,3.439194917678833,1.648722529411316,7026572,0.0,0.0
2008-12-12,3.447803020477295,3.508064985275269,3.3401939868927,3.409064054489136,1.6342790126800537,11795907,0.0,0.0
2008-12-15,3.443499088287353,3.4994559288024902,3.4004549980163574,3.447803020477295,1.652849555015564,16219081,0.0,0.0
2008-12-16,3.4865429401397705,3.7189788818359375,3.4219770431518555,3.7103700637817374,1.786080241203308,11057588,0.014204,0.0
2008-12-17,3.6802399158477774,3.744805097579956,3.641499996185303,3.693152904510498,1.7777920961380005,19377729,0.0,0.0
2008-12-18,3.70176100730896,3.835196971893311,3.68884801864624,3.809370994567871,1.8337366580963133,20971921,0.0,0.0
2008-12-19,3.740500926971436,3.7792398929595934,3.602761030197144,3.628587007522583,1.7467124462127686,16504140,0.0,0.0
2008-12-22,3.628587007522583,3.675935029983521,3.576935052871704,3.667325973510742,1.7653608322143557,11376101,0.0,0.0
2008-12-23,3.671631097793579,3.70176100730896,3.51236891746521,3.667325973510742,1.7653608322143557,11950168,0.0,0.0
2008-12-29,3.628587007522583,3.6587181091308594,3.5037600994110107,3.555413007736206,1.7114877700805664,14824221,0.0,0.0
2008-12-30,3.882544994354248,3.9393630027771,3.7452359199523926,3.787848949432373,1.8233764171600344,22825617,0.0,0.0
2009-01-02,3.430586099624634,3.434890031814575,3.137887954711914,3.2196719646453857,1.5498701333999634,33083553,0.0,0.0
2009-01-05,3.2411930561065674,3.3229761123657227,3.0173659324646,3.288541078567505,1.583022117614746,25264995,0.0,0.0
2009-01-06,3.3574109077453613,3.37893295288086,3.1249749660491943,3.18093204498291,1.531221866607666,24415162,0.0,0.0
2009-01-07,3.228280067443848,3.245497941970825,3.1680190563201904,3.2067580223083496,1.5436538457870483,15209876,0.0,0.0
2009-01-08,3.19384503364563,3.262715101242065,3.0173659324646,3.03027892112732,1.458701729774475,20617165,0.0,0.0
2009-01-09,3.060410022735596,3.142193078994751,3.02167010307312,3.142193078994751,1.5125747919082642,29782957,0.0,0.0
2009-01-12,3.19384503364563,3.198149919509888,3.0173659324646,3.064713954925537,1.475277304649353,23250068,0.0,0.0
2009-01-13,3.02167010307312,3.1680190563201904,2.948496103286743,3.137887954711914,1.510502576828003,10952346,0.0,0.0
2009-01-14,3.142193078994751,3.223975896835327,3.099148988723755,3.1120619773864746,1.4980703592300415,21648210,0.0,0.0
2009-01-15,3.1249749660491943,3.18093204498291,3.064713954925537,3.0690178871154785,1.477350115776062,16330131,0.0,0.0
2009-01-16,3.1766281127929688,3.258410930633545,3.1464970111846924,3.2498021125793457,1.5643744468688965,23456835,0.0,0.0
2009-01-19,3.2067580223083496,3.2411930561065674,3.142193078994751,3.1680190563201904,1.5250064134597778,8933237,0.0,0.0
2009-01-20,3.1249749660491943,3.202454090118408,3.1034529209136963,3.15080189704895,1.5167174339294434,10006332,0.0,0.0
2009-01-21,3.094845056533813,3.1464970111846924,3.056104898452759,3.056104898452759,1.4711332321166992,10998114,0.0,0.0
2009-01-22,3.0819320678710938,3.090539932250977,3.0518009662628174,3.0690178871154785,1.477350115776062,14491769,0.0,0.0
2009-01-23,3.099148988723755,3.2067580223083496,3.0819320678710938,3.1163671016693115,1.5001428127288818,15861538,0.0,0.0
2009-01-26,3.086236000061035,3.288541078567505,3.0819320678710938,3.228280067443848,1.5540143251419067,14713404,0.0,0.0
2009-01-27,3.2842369079589844,3.460716009140014,3.2713239192962646,3.460716009140014,1.665902614593506,24982492,0.0,0.0
2009-01-28,3.396151065826416,3.4521079063415527,3.3617160320281982,3.3875420093536377,1.6306787729263306,10873821,0.0,0.0
2009-01-29,3.4004549980163574,3.4865429401397705,3.232584953308105,3.3143680095672607,1.5954549312591553,18989984,0.0,0.0
2009-01-30,3.3143680095672607,3.391845941543579,3.2498021125793457,3.279932975769043,1.5788781642913818,11182345,0.0,0.0
2009-02-02,3.228280067443848,3.3229761123657227,3.215367078781128,3.2842369079589844,1.580950140953064,18684713,0.0,0.0
2009-02-03,3.3574109077453613,3.391845941543579,3.3057589530944824,3.370325088500977,1.6223915815353394,7482155,0.0,0.0
2009-02-04,3.3401939868927,3.391845941543579,3.279932975769043,3.391845941543579,1.6327511072158811,5212604,0.0,0.0
2009-02-05,3.262715101242065,3.2713239192962646,3.16371488571167,3.18093204498291,1.531221866607666,13221898,0.0,0.0
2009-02-06,3.198149919509888,3.245497941970825,3.1292800903320312,3.185236930847168,1.5332943201065063,14649515,0.0,0.0
2009-02-09,3.232584953308105,3.245497941970825,3.086236000061035,3.086236000061035,1.4856377840042114,12701962,0.0,0.0
2009-02-10,3.0518009662628174,3.094845056533813,2.9786269664764404,3.03027892112732,1.458701729774475,17643679,0.0,0.0
2009-02-11,3.0087571144104004,3.077626943588257,2.9743220806121826,3.03027892112732,1.458701729774475,13419139,0.0,0.0
2009-02-12,3.099148988723755,3.1120619773864746,3.03458309173584,3.0690178871154785,1.477350115776062,11550807,0.0,0.0
2009-02-13,3.000148057937622,3.0518009662628174,2.9786269664764404,3.043191909790039,1.4649168252944946,18572269,0.0,0.0
2009-02-16,2.939887046813965,2.952800035476685,2.810755968093872,2.8193650245666504,1.3596205711364746,27059914,0.005479,0.0
2009-02-17,2.862407922744751,2.879626035690308,2.737581968307495,2.7978429794311523,1.349241852760315,24676292,0.0,0.0
2009-02-18,2.879626035690308,3.000148057937622,2.862407922744751,2.99153995513916,1.4426506757736206,15103472,0.0,0.0
2009-02-19,2.905452013015747,2.9743220806121826,2.862407922744751,2.970017910003662,1.43227219581604,19337769,0.0,0.0
2009-02-20,2.970017910003662,3.077626943588257,2.9441919326782227,3.00445294380188,1.4488786458969116,15712620,0.0,0.0
2009-02-23,2.9872350692749023,3.043191909790039,2.9355831146240234,2.9355831146240234,1.415665864944458,12040542,0.0,0.0
2009-02-24,2.879626035690308,3.0690178871154785,2.8710169792175293,3.0690178871154785,1.5035234689712524,27160974,0.045902,0.0
2009-02-25,3.0733230113983154,3.1034529209136963,3.00445294380188,3.090539932250977,1.5140676498413086,29842897,0.0,0.0
2009-02-26,3.090539932250977,3.2670199871063232,3.047497034072876,3.228280067443848,1.5815467834472656,36888984,0.0,0.0
2009-02-27,3.258410930633545,3.2928459644317627,3.16371488571167,3.2110629081726074,1.5731128454208374,16691159,0.0,0.0
2009-03-02,3.2196719646453857,3.3444979190826416,3.2067580223083496,3.2067580223083496,1.571003556251526,14235518,0.0,0.0
2009-03-03,3.185236930847168,3.331584930419922,3.18093204498291,3.288541078567505,1.6110692024230957,16501352,0.0,0.0
2009-03-04,3.2842369079589844,3.4822380542755127,3.2713239192962646,3.4047598838806152,1.6680055856704712,23542329,0.0,0.0
2009-03-05,3.477933883666992,3.477933883666992,3.3444979190826416,3.4004549980163574,1.6658958196640017,33292411,0.0,0.0
2009-03-06,3.4004549980163574,3.439194917678833,3.3143680095672607,3.335890054702759,1.634265661239624,22422771,0.0,0.0
2009-03-09,3.447803020477295,3.6974570751190186,3.426280975341797,3.645804882049561,1.786093831062317,25916890,0.0,0.0
2009-03-10,3.581238985061645,3.6156740188598633,3.477933883666992,3.5037600994110107,1.7165051698684692,16051345,0.0,0.0
2009-03-11,3.551107883453369,3.611370086669922,3.4004549980163574,3.4865429401397705,1.7080707550048828,14319851,0.0,0.0
2009-03-12,3.52958607673645,3.628587007522583,3.508064985275269,3.572629928588867,1.7502453327178955,11604473,0.0,0.0
2009-03-13,3.551107883453369,3.611370086669922,3.508064985275269,3.555413007736206,1.7418105602264404,11417222,0.0,0.0
2009-03-16,3.4865429401397705,3.4994559288024902,3.413367986679077,3.439194917678833,1.6848751306533811,11717847,0.0,0.0
2009-03-17,3.4994559288024902,3.508064985275269,3.413367986679077,3.430586099624634,1.6806578636169434,18087878,0.0,0.0
2009-03-18,3.396151065826416,3.4994559288024902,3.37893295288086,3.460716009140014,1.6954180002212524,21570382,0.0,0.0
2009-03-19,3.602761030197144,3.723283052444458,3.594151973724365,3.637196063995361,1.7818764448165894,30906233,0.0,0.0
2009-03-20,3.645804882049561,3.744805097579956,3.598455905914306,3.7103700637817374,1.8177242279052728,22432296,0.0,0.0
2009-03-23,3.7189788818359375,3.7792398929595934,3.645804882049561,3.766326904296875,1.8451385498046875,18218443,0.0,0.0
2009-03-24,3.723283052444458,3.8481099605560303,3.6974570751190186,3.787848949432373,1.8556822538375848,19667666,0.0,0.0
2009-03-25,3.787848949432373,3.852415084838867,3.757718086242676,3.7921528816223145,1.8577903509140008,13480472,0.0,0.0
2009-03-26,3.8739359378814697,3.904067039489746,3.8481099605560303,3.865328073501587,1.893639087677002,25977062,0.0,0.0
2009-03-27,3.839500904083252,3.886850118637085,3.805066108703613,3.852415084838867,1.8873132467269893,15199189,0.0,0.0
2009-03-30,3.8179800510406494,3.852415084838867,3.671631097793579,3.70176100730896,1.813506364822388,26013769,0.0,0.0
2009-03-31,3.675935029983521,3.7103700637817374,3.6199779510498047,3.68884801864624,1.807180881500244,17605346,0.0,0.0
2009-04-01,3.7103700637817374,3.8481099605560303,3.70176100730896,3.783545017242432,1.853572487831116,18939337,0.0,0.0
2009-04-02,3.7620229721069336,3.8481099605560303,3.744805097579956,3.805066108703613,1.8641159534454343,16441413,0.0,0.0
2009-04-03,3.667325973510742,3.7361960411071777,3.650109052658081,3.7103700637817374,1.8177242279052728,15249370,0.0,0.0
2009-04-06,3.7189788818359375,3.740500926971436,3.650109052658081,3.6544129848480233,1.790310978889465,13311806,0.0,0.0
2009-04-07,3.675935029983521,3.766326904296875,3.628587007522583,3.766326904296875,1.8451385498046875,20282854,0.0,0.0
2009-04-08,3.7534139156341553,3.826587915420532,3.7534139156341553,3.809370994567871,1.8662256002426147,17082157,0.0,0.0
2009-04-14,3.766326904296875,3.8007619380950928,3.6802399158477774,3.70176100730896,1.813506364822388,12931960,0.0,0.0
2009-04-15,3.663022041320801,3.8179800510406494,3.628587007522583,3.787848949432373,1.8556822538375848,17932919,0.0,0.0
2009-04-16,3.809370994567871,4.037502765655518,3.7921528816223145,3.998763084411621,1.9590097665786743,20054482,0.0,0.0
2009-04-17,4.028893947601318,4.080545902252197,3.968632936477661,4.037502765655518,1.9779878854751587,20698943,0.0,0.0
2009-04-20,4.171380996704102,4.309631824493408,4.109405994415283,4.309631824493408,2.111304521560669,19299843,0.0,1.1
2009-04-21,4.319167137145996,4.381141185760498,4.261959075927734,4.3477702140808105,2.1299898624420166,26657898,0.0,0.0
2009-04-22,4.400210857391357,4.433581829071045,4.304864883422852,4.338235855102539,2.125319242477417,21834195,0.0,0.0
2009-04-23,4.381141185760498,4.381141185760498,4.037896156311035,4.061732769012451,1.9898585081100464,27899483,0.0,0.0
2009-04-24,4.147543907165527,4.195217132568359,3.971153974533081,4.071267127990723,1.994528770446777,24923160,0.0,0.0
2009-04-27,4.042664051055908,4.042664051055908,3.9473180770874015,4.004525184631348,1.9618315696716309,13940826,0.0,0.0
2009-04-28,4.0521979331970215,4.071267127990723,3.899645090103149,3.966387033462525,1.9431482553482056,17907858,0.0,0.0
2009-04-29,3.875808000564575,3.8948779106140137,3.7947640419006334,3.828135013580322,1.8754180669784544,13418098,0.0,0.0
2009-04-30,3.81860089302063,3.8948779106140137,3.789997100830078,3.875808000564575,1.8987743854522705,15061169,0.0,0.0
2009-05-04,3.851972103118897,3.875808000564575,3.799531936645508,3.8710410594940186,1.8964383602142327,13051642,0.0,0.0
2009-05-05,3.904412031173706,4.076035022735596,3.899645090103149,4.037896156311035,1.9781816005706787,16403860,0.0,0.0
2009-05-06,4.061732769012451,4.0998711585998535,4.004525184631348,4.028361797332764,1.9735110998153689,18477783,0.0,0.0
2009-05-07,4.004525184631348,4.171380996704102,4.004525184631348,4.066500186920166,1.9921945333480835,21909290,0.0,0.0
2009-05-08,4.042664051055908,4.080801963806152,3.961620092391968,4.042664051055908,1.980517029762268,12066597,0.0,0.0
2009-05-11,4.095104217529297,4.0998711585998535,3.971153974533081,4.076035022735596,1.9968657493591309,12279296,0.0,0.0
2009-05-12,4.076035022735596,4.1237077713012695,4.014060020446777,4.0521979331970215,1.985187292098999,8429102,0.0,0.0
2009-05-13,4.014060020446777,4.2524237632751465,4.009293079376221,4.204751968383789,2.059923887252808,25178442,0.0,0.0
2009-05-14,4.233355045318604,4.323934078216553,4.180914878845215,4.214285850524902,2.0645947456359863,17901145,0.0,0.0
2009-05-15,4.238122940063477,4.281027793884277,4.199984073638916,4.276260852813721,2.0949573516845703,14196737,0.0,0.0
2009-05-18,4.295330047607422,4.309631824493408,4.176147937774658,4.276260852813721,2.0949573516845703,20291811,0.0,0.0
2009-05-19,4.3000969886779785,4.385909080505371,4.285796165466309,4.362071990966797,2.140336275100708,17333737,0.006674,0.0
2009-05-20,4.343002796173096,4.3668389320373535,4.228588104248047,4.323934078216553,2.121624231338501,19472058,0.0,0.0
2009-05-22,4.3000969886779785,4.3000969886779785,4.10463809967041,4.214285850524902,2.067822217941284,22707647,0.0,0.0
2009-05-25,4.214285850524902,4.261959075927734,4.1237077713012695,4.233355045318604,2.077178955078125,16479584,0.0,0.0
2009-05-26,4.290563106536865,4.314398765563965,4.128475189208984,4.190450191497803,2.0561277866363525,19008273,0.0,0.0
2009-05-27,4.142776966094971,4.242889881134033,4.128475189208984,4.204751968383789,2.0631439685821533,13793992,0.0,0.0
2009-05-28,4.233355045318604,4.2524237632751465,4.128475189208984,4.161846160888672,2.042092084884644,9687678,0.0,0.0
2009-05-29,4.219052791595459,4.238122940063477,4.085568904876709,4.147543907165527,2.035073757171631,15222896,0.0,0.0
2009-06-02,4.180914878845215,4.214285850524902,4.109405994415283,4.195217132568359,2.05846643447876,16688088,0.0,0.0
2009-06-03,4.152310848236084,4.171380996704102,3.956851959228516,4.071267127990723,1.997647404670716,15314142,0.0,0.0
2009-06-04,4.095104217529297,4.1189398765563965,4.004525184631348,4.037896156311035,1.981273174285889,11275582,0.0,0.0
2009-06-05,3.961620092391968,4.023593902587891,3.923480987548828,4.023593902587891,1.974255442619324,22117585,0.0,0.0
2009-06-08,4.014060020446777,4.042664051055908,3.9473180770874015,3.9949910640716553,1.960221290588379,14288613,0.0,0.0
2009-06-09,4.014060020446777,4.085568904876709,3.985455989837648,4.056964874267578,1.990630269050598,16395049,0.0,0.0
2009-06-10,4.004525184631348,4.018826961517334,3.952085018157959,4.004525184631348,1.9648985862731927,17730818,0.0,0.0
2009-06-11,4.023593902587891,4.028361797332764,3.94254994392395,4.014060020446777,1.9695771932601929,28875509,0.0,0.0
2009-06-12,4.014060020446777,4.023593902587891,3.933016061782837,3.971153974533081,1.948525071144104,26130974,0.0,0.0
2009-06-15,3.956851959228516,4.109405994415283,3.956851959228516,4.090336799621582,2.0070037841796875,20100926,0.0,0.0
2009-06-16,4.085568904876709,4.1666131019592285,4.061732769012451,4.128475189208984,2.0257179737091064,12874603,0.0,0.0
2009-06-17,4.147543907165527,4.204751968383789,4.128475189208984,4.171380996704102,2.046769857406616,16377010,0.0,0.0
2009-06-18,4.171380996704102,4.195217132568359,4.066500186920166,4.157079219818115,2.039752960205078,17627825,0.0,0.0
2009-06-19,4.1666131019592285,4.238122940063477,4.147543907165527,4.209518909454346,2.06548285484314,25235917,0.0,0.0
2009-06-22,4.157079219818115,4.204751968383789,4.133242130279541,4.171380996704102,2.046769857406616,9206693,0.0,0.0
2009-06-23,4.185681819915772,4.204751968383789,4.133242130279541,4.133242130279541,2.0280559062957764,5252666,0.0,0.0
2009-06-24,4.10463809967041,4.180914878845215,4.066500186920166,4.180914878845215,2.051448345184326,12513391,0.0,0.0
2009-06-25,4.180914878845215,4.180914878845215,4.0998711585998535,4.133242130279541,2.0280559062957764,19892422,0.0,0.0
2009-06-26,4.138009071350098,4.152310848236084,4.037896156311035,4.076035022735596,1.9999866485595703,17388276,0.0,0.0
2009-06-29,4.076035022735596,4.076035022735596,4.076035022735596,4.076035022735596,1.9999866485595703,0,0.0,0.0
2009-06-30,4.071267127990723,4.0998711585998535,3.985455989837648,4.004525184631348,1.9648985862731927,13144777,0.0,0.0
2009-07-01,4.033129215240479,4.061732769012451,3.9473180770874015,4.014060020446777,1.9695771932601929,12698192,0.0,0.0
2009-07-02,4.042664051055908,4.0521979331970215,3.9377830028533936,3.985455989837648,1.9555422067642207,17831294,0.0,0.0
2009-07-03,4.0521979331970215,4.190450191497803,4.042664051055908,4.142776966094971,2.032735586166382,22095769,0.0,0.0
2009-07-06,4.138009071350098,4.214285850524902,4.076035022735596,4.176147937774658,2.0491089820861816,18445270,0.0,0.0
2009-07-07,4.180914878845215,4.209518909454346,4.152310848236084,4.180914878845215,2.051448345184326,10624898,0.0,0.0
2009-07-08,4.195217132568359,4.319167137145996,4.195217132568359,4.319167137145996,2.119284152984619,22845251,0.0,0.0
2009-07-09,4.319167137145996,4.35730504989624,4.228588104248047,4.314398765563965,2.1169443130493164,16873728,0.0,0.0
2009-07-10,4.266726016998291,4.376373767852783,4.24765682220459,4.338235855102539,2.128640651702881,13487739,0.0,0.0
2009-07-13,4.381141185760498,4.552763938903809,4.3477702140808105,4.5146260261535645,2.215191125869751,38826020,0.0,0.0
2009-07-14,4.495555877685547,4.600437164306641,4.476487159729004,4.600437164306641,2.2572948932647705,16654106,0.0,0.0
2009-07-15,4.609971046447754,4.643342018127441,4.505091190338135,4.562297821044922,2.238581657409668,15192900,0.0,0.0
2009-07-16,4.519392967224121,4.586134910583496,4.481255054473877,4.586134910583496,2.250277280807495,11080083,0.0,0.0
2009-07-17,4.547996997833252,4.557530879974365,4.457417964935303,4.538462162017822,2.2268850803375244,12253705,0.0,0.0
2009-07-20,4.57183313369751,4.629041194915772,4.562297821044922,4.567066192626953,2.2409207820892334,13873702,0.0,0.0
2009-07-21,4.538462162017822,4.609971046447754,4.49078893661499,4.562297821044922,2.238581657409668,14901120,0.0,0.0
2009-07-22,4.590901851654053,4.62427282333374,4.567066192626953,4.58136796951294,2.247938871383667,9503297,0.0,0.0
2009-07-23,4.58136796951294,4.652876853942871,4.562297821044922,4.633808135986328,2.273669481277466,12202104,0.0,0.0
2009-07-24,4.633808135986328,4.752989768981934,4.567066192626953,4.719618797302246,2.315774917602539,15228769,0.0,0.0
2009-07-27,4.733921051025391,4.74345588684082,4.643342018127441,4.700550079345703,2.306417465209961,21601149,0.0,0.0
2009-07-28,4.7148518562316895,4.862637996673584,4.710084915161133,4.814964771270752,2.362557172775269,22196246,0.0,0.0
2009-07-29,4.791129112243652,4.843568801879883,4.7815937995910645,4.843568801879883,2.376591205596924,16560133,0.0,0.0
2009-07-30,4.800662994384766,4.834033966064453,4.633808135986328,4.671946048736572,2.292381525039673,22504597,0.0,0.0
2009-07-31,4.671946048736572,4.6957831382751465,4.629041194915772,4.671946048736572,2.292381525039673,19312429,0.0,0.0
2009-08-03,4.6957831382751465,4.70531702041626,4.519392967224121,4.57183313369751,2.24325966835022,17933239,0.0,0.0
2009-08-04,4.557530879974365,4.590901851654053,4.395442962646484,4.481255054473877,2.198816061019897,26050845,0.0,0.0
2009-08-05,4.395442962646484,4.404977798461914,4.343002796173096,4.362071990966797,2.140336275100708,11875923,0.0,0.0
2009-08-06,4.400210857391357,4.519392967224121,4.385909080505371,4.49078893661499,2.203493595123291,15242613,0.0,0.0
2009-08-07,4.457417964935303,4.576600074768066,4.424046993255615,4.576600074768066,2.245598554611206,13926772,0.0,0.0
2009-08-10,4.576600074768066,4.62427282333374,4.562297821044922,4.605204105377197,2.259634256362915,14629267,0.0,0.0
2009-08-11,4.62427282333374,4.681480884552002,4.547996997833252,4.590901851654053,2.25261664390564,15393852,0.0,0.0
2009-08-12,4.600437164306641,4.667179107666016,4.57183313369751,4.600437164306641,2.267542839050293,15840857,0.020747,0.0
2009-08-13,4.619505882263184,4.70531702041626,4.595670223236084,4.6481099128723145,2.291041374206543,23598719,0.0,0.0
2009-08-14,4.6481099128723145,4.74345588684082,4.629041194915772,4.74345588684082,2.338036298751831,25475046,0.0,0.0
2009-08-17,4.738687992095947,4.752989768981934,4.638575077056885,4.710084915161133,2.3215880393981934,16624110,0.0,0.0
2009-08-18,4.719618797302246,4.752989768981934,4.671946048736572,4.6957831382751465,2.31453800201416,14074026,0.0,0.0
2009-08-19,4.657643795013428,4.657643795013428,4.552763938903809,4.614738941192627,2.2745912075042725,23635008,0.0,0.0
2009-08-20,4.605204105377197,4.638575077056885,4.486021995544434,4.547996997833252,2.244941711425781,18828926,0.006674,0.0
2009-08-21,4.533695220947266,4.576600074768066,4.452651023864746,4.49078893661499,2.216702699661255,19583442,0.0,0.0
2009-08-24,4.524159908294678,4.547996997833252,4.404977798461914,4.443116188049316,2.193171739578247,15253731,0.0,0.0
2009-08-25,4.476487159729004,4.562297821044922,4.443116188049316,4.528926849365234,2.2355282306671143,17624049,0.0,0.0
2009-08-26,4.595670223236084,4.600437164306641,4.509858131408691,4.57183313369751,2.2567081451416016,21356776,0.0,0.0
2009-08-27,4.567066192626953,4.638575077056885,4.533695220947266,4.629041194915772,2.28494644165039,20801953,0.0,0.0
2009-08-28,4.600437164306641,4.643342018127441,4.562297821044922,4.643342018127441,2.2920053005218506,16095089,0.0,0.0
2009-08-31,4.633808135986328,4.70531702041626,4.62427282333374,4.691014766693115,2.3155367374420166,17472181,0.0,0.0
2009-09-01,4.6481099128723145,4.729154109954834,4.600437164306641,4.729154109954834,2.334362268447876,13399219,0.0,0.0
2009-09-02,4.719618797302246,4.795896053314209,4.667179107666016,4.795896053314209,2.36730694770813,18896469,0.0,0.0
2009-09-03,4.814964771270752,4.857871055603027,4.772058963775635,4.843568801879883,2.390838384628296,21524795,0.0,0.0
2009-09-04,4.819732189178467,4.900775909423828,4.776826858520508,4.82450008392334,2.3814265727996826,18541131,0.0,0.0
2009-09-07,4.82450008392334,4.853103160858154,4.795896053314209,4.843568801879883,2.390838384628296,12783146,0.0,0.0
2009-09-08,4.800662994384766,4.872172832489014,4.757757186889648,4.843568801879883,2.390838384628296,16302125,0.0,0.0
2009-09-09,4.872172832489014,4.886474132537842,4.834033966064453,4.862637996673584,2.400251865386963,15735975,0.0,0.0
2009-09-10,4.862637996673584,4.87693977355957,4.767292022705078,4.791129112243652,2.3649544715881348,15296732,0.0,0.0
2009-09-11,4.800662994384766,4.810197830200195,4.652876853942871,4.748222827911377,2.343775749206543,18494564,0.0,0.0
2009-09-14,4.710084915161133,4.800662994384766,4.686247825622559,4.772058963775635,2.355541706085205,14840079,0.0,0.0
2009-09-15,4.772058963775635,4.886474132537842,4.752989768981934,4.886474132537842,2.4120168685913086,13092127,0.0,0.0
2009-09-16,4.886474132537842,5.015191078186035,4.886474132537842,5.005657196044922,2.470848321914673,29783991,0.0,0.0
2009-09-17,5.053329944610596,5.124838829040527,4.977053165435791,5.110537052154541,2.5226171016693115,33939599,0.0,0.0
2009-09-18,5.0962347984313965,5.1439080238342285,4.991354942321777,5.09146785736084,2.5132040977478027,23861761,0.0,0.0
2009-09-21,5.024725914001465,5.134374141693115,5.019958972930908,5.105770111083984,2.5202643871307373,19682660,0.0,0.0
2009-09-22,5.101003170013428,5.205883026123047,5.086700916290283,5.205883026123047,2.56968355178833,15591239,0.0,0.0
2009-09-23,5.229719161987305,5.282159805297852,5.09146785736084,5.167745113372803,2.550856828689575,26554275,0.0,0.0
2009-09-24,5.148674964904785,5.16297721862793,4.991354942321777,5.039028167724609,2.4873201847076416,25721727,0.0,0.0
2009-09-25,5.09146785736084,5.134374141693115,5.0294928550720215,5.062863826751709,2.49908447265625,42099996,0.0,0.0
2009-09-28,5.053329944610596,5.124838829040527,5.039028167724609,5.110537052154541,2.5226171016693115,18456597,0.0,0.0
2009-09-29,5.148674964904785,5.16297721862793,5.09146785736084,5.139141082763672,2.536736488342285,20489826,0.0,0.0
2009-09-30,5.196348190307617,5.315530776977539,5.186813831329346,5.296462059020996,2.6143925189971924,23107874,0.0,0.0
2009-10-01,5.258323192596436,5.291694164276123,5.196348190307617,5.267858028411865,2.60027289390564,10962616,0.0,0.0
2009-10-02,5.153442859649658,5.272624969482422,5.139141082763672,5.258323192596436,2.59556531906128,24402739,0.0,0.0
2009-10-05,5.258323192596436,5.33459997177124,5.220184803009033,5.286927223205566,2.609686374664306,13678623,0.0,0.0
2009-10-06,5.158209800720215,5.215417861938477,4.991354942321777,5.148674964904785,2.5414438247680664,28302227,0.0,0.0
2009-10-07,5.101003170013428,5.224952220916748,5.101003170013428,5.110537052154541,2.5226171016693115,12064919,0.0,0.0
2009-10-08,5.124838829040527,5.258323192596436,5.08193302154541,5.224952220916748,2.5790932178497314,10108462,0.0,0.0
2009-10-09,5.315530776977539,5.339366912841797,5.129605770111084,5.148674964904785,2.5414438247680664,18012320,0.0,0.0
2009-10-12,5.167745113372803,5.196348190307617,5.0962347984313965,5.196348190307617,2.5649752616882324,37078487,0.0,0.0
2009-10-13,5.215417861938477,5.215417861938477,5.010424137115479,5.019958972930908,2.477907657623291,19248661,0.0,0.0
2009-10-14,5.019958972930908,5.08193302154541,4.6957831382751465,4.710084915161133,2.324950218200684,27391647,0.0,0.0
2009-10-15,4.772058963775635,5.000888824462891,4.767292022705078,4.996121883392334,2.46614146232605,20745947,0.0,0.0
2009-10-16,5.005657196044922,5.039028167724609,4.729154109954834,4.772058963775635,2.355541706085205,38127510,0.0,0.0
2009-10-19,4.767292022705078,5.105770111083984,4.767292022705078,5.034259796142578,2.484966278076172,31968879,0.0,0.0
2009-10-20,5.072399139404297,5.224952220916748,4.991354942321777,5.224952220916748,2.5790932178497314,29804967,0.0,0.0
2009-10-21,5.191580772399902,5.244020938873291,5.1439080238342285,5.215417861938477,2.574388027191162,12132462,0.0,0.0
2009-10-22,5.239253997802734,5.253555774688721,5.086700916290283,5.186813831329346,2.5602686405181885,13250917,0.0,0.0
2009-10-23,5.258323192596436,5.282159805297852,5.20111608505249,5.282159805297852,2.607332468032837,19481917,0.0,0.0
2009-10-26,5.267858028411865,5.33459997177124,5.186813831329346,5.310762882232666,2.6214513778686523,19352074,0.0,0.0
2009-10-27,5.339366912841797,5.387040138244629,5.2773919105529785,5.339366912841797,2.6355695724487305,12834538,0.0,0.0
2009-10-28,5.315530776977539,5.410877227783203,5.16297721862793,5.186813831329346,2.5602686405181885,24408822,0.0,0.0
2009-10-29,5.229719161987305,5.358436107635498,5.167745113372803,5.358436107635498,2.644983291625977,19678045,0.0,0.0
2009-10-30,5.401341915130615,5.425178050994873,5.339366912841797,5.353669166564941,2.6426310539245605,21464384,0.0,0.0
2009-11-02,5.315530776977539,5.406108856201172,5.282159805297852,5.401341915130615,2.6661624908447266,28495209,0.0,0.0
2009-11-03,5.41564416885376,5.425178050994873,5.320298194885254,5.3441338539123535,2.637924671173096,20353900,0.0,0.0
2009-11-04,5.282159805297852,5.320298194885254,5.172512054443359,5.258323192596436,2.59556531906128,13809305,0.0,0.0
2009-11-05,5.263091087341309,5.291694164276123,5.182046890258789,5.244020938873291,2.5885071754455566,28489755,0.0,0.0
2009-11-06,5.244020938873291,5.315530776977539,5.177278995513916,5.315530776977539,2.623804807662964,11000583,0.0,0.0
2009-11-09,5.339366912841797,5.46808385848999,5.3250651359558105,5.46808385848999,2.6991076469421387,18144260,0.0,0.0
2009-11-10,5.382273197174072,5.396574974060059,5.215417861938477,5.258323192596436,2.59556531906128,13012417,0.0,0.0
2009-11-11,5.244020938873291,5.320298194885254,5.20111608505249,5.305995941162109,2.6190991401672363,16089006,0.0,0.0
2009-11-12,5.272624969482422,5.396574974060059,5.272624969482422,5.3441338539123535,2.637924671173096,15411892,0.0,0.0
2009-11-13,5.387040138244629,5.572965145111084,5.387040138244629,5.510990142822266,2.723686933517456,18411288,0.006674,0.0
2009-11-16,5.530058860778809,5.668310165405273,5.515757083892822,5.615869998931885,2.7755229473114014,15830368,0.0,0.0
2009-11-17,5.649240970611572,5.668310165405273,5.530058860778809,5.55866289138794,2.747248888015747,12169171,0.0,0.0
2009-11-18,5.520524024963379,5.687379837036133,5.520524024963379,5.596800804138184,2.7660982608795166,20596386,0.0,0.0
2009-11-19,5.582499027252197,5.782724857330322,5.582499027252197,5.72075080871582,2.827358722686768,21551016,0.0,0.0
2009-11-20,5.6730780601501465,5.706449031829834,5.601568222045898,5.668310165405273,2.8014392852783203,9570841,0.0,0.0
2009-11-23,5.735052108764648,5.735052108764648,5.630171775817871,5.706449031829834,2.8202884197235107,15168567,0.0,0.0
2009-11-24,5.7398200035095215,5.81609582901001,5.706449031829834,5.730285167694092,2.832068920135498,13236024,0.0,0.0
2009-11-25,5.80179500579834,5.8065619468688965,5.6921467781066895,5.7398200035095215,2.8367807865142822,8821568,0.0,0.0
2009-11-26,5.777957916259766,5.8065619468688965,5.677845001220703,5.715982913970947,2.8250014781951904,6201842,0.0,0.0
2009-11-27,5.706449031829834,5.768424034118652,5.663543224334717,5.730285167694092,2.832068920135498,8772903,0.0,0.0
2009-11-30,5.72075080871582,5.763656139373779,5.6254048347473145,5.658775806427002,2.796726942062378,12761121,0.0,0.0
2009-12-01,5.587265968322754,5.649240970611572,5.46808385848999,5.55866289138794,2.747248888015747,22145483,0.0,0.0
2009-12-02,5.568196773529053,5.615869998931885,5.439479827880859,5.530058860778809,2.733112335205078,14685274,0.0,0.0
2009-12-03,5.582499027252197,5.6730780601501465,5.544361114501953,5.577732086181641,2.756673812866211,12455707,0.0,0.0
2009-12-04,5.620636940002441,5.620636940002441,5.520524024963379,5.53959321975708,2.7378242015838623,11039809,0.0,0.0
2009-12-07,5.577732086181641,5.587265968322754,5.420411109924316,5.510990142822266,2.723686933517456,9187395,0.0,0.0
2009-12-08,5.510990142822266,5.510990142822266,5.510990142822266,5.510990142822266,2.723686933517456,0,0.0,0.0
2009-12-09,5.544361114501953,5.568196773529053,5.487153053283691,5.506221771240234,2.7213282585144043,5000741,0.0,0.0
2009-12-10,5.530058860778809,5.634939193725586,5.496687889099121,5.6254048347473145,2.78023362159729,7247929,0.0,0.0
2009-12-11,5.6254048347473145,5.6254048347473145,5.6254048347473145,5.6254048347473145,2.78023362159729,0,0.0,0.0
2009-12-14,5.677845001220703,5.901907920837402,5.677845001220703,5.897140026092529,2.921900510787964,11093298,0.014183,0.0
2009-12-15,5.930510997772217,5.940045833587647,5.820864200592041,5.878070831298828,2.912451982498169,10565325,0.0,0.0
2009-12-16,5.859002113342285,5.906674861907959,5.797027111053467,5.8065619468688965,2.877021551132202,10640630,0.0,0.0
2009-12-17,5.79226016998291,5.811328887939453,5.725518226623535,5.773190975189209,2.8604865074157715,8893307,0.0,0.0
2009-12-18,5.754121780395508,5.79226016998291,5.701681137084961,5.730285167694092,2.8392279148101807,9374713,0.0,0.0
2009-12-21,5.777957916259766,5.8065619468688965,5.654007911682129,5.711215972900391,2.8297786712646484,12321039,0.0,0.0
2009-12-22,5.649240970611572,5.744586944580078,5.634939193725586,5.711215972900391,2.8297786712646484,8961480,0.0,0.0
2009-12-23,5.711215972900391,5.768424034118652,5.649240970611572,5.6921467781066895,2.8203318119049072,13532209,0.0,0.0
2009-12-28,5.6921467781066895,5.744586944580078,5.582499027252197,5.611103057861328,2.7801754474639893,11215170,0.0,0.0
2009-12-29,5.606336116790772,5.668310165405273,5.449015140533447,5.472850799560547,2.711674451828003,14414680,0.0,0.0
2009-12-30,5.553894996643066,5.601568222045898,5.515757083892822,5.525291919708252,2.7376577854156494,5559549,0.0,0.0
2010-01-04,5.463316917419434,5.601568222045898,5.463316917419434,5.572965145111084,2.761277675628662,10719921,0.0,0.0
2010-01-05,5.510990142822266,5.530058860778809,5.320298194885254,5.3918070793151855,2.6715192794799805,13898244,0.0,0.0
2010-01-06,5.410877227783203,5.4585490226745605,5.244020938873291,5.3250651359558105,2.6384506225585938,15835822,0.0,0.0
2010-01-07,5.248788833618164,5.434712886810303,5.248788833618164,5.3918070793151855,2.6715192794799805,8509651,0.0,0.0
2010-01-08,5.286927223205566,5.401341915130615,5.215417861938477,5.387040138244629,2.6691577434539795,13643173,0.0,0.0
2010-01-11,5.358436107635498,5.367970943450928,5.220184803009033,5.272624969482422,2.612466812133789,17326186,0.0,0.0
2010-01-12,5.358436107635498,5.396574974060059,5.244020938873291,5.396574974060059,2.6738815307617188,21737495,0.0,0.0
2010-01-13,5.396574974060059,5.472850799560547,5.291694164276123,5.353669166564941,2.652621269226074,13026890,0.0,0.0
2010-01-14,5.396574974060059,5.4585490226745605,5.353669166564941,5.429945945739746,2.690415620803833,9049161,0.0,0.0
2010-01-15,5.4919209480285645,5.587265968322754,5.434712886810303,5.510990142822266,2.7305705547332764,9931842,0.0,0.0
2010-01-18,5.482386112213135,5.563429832458496,5.439479827880859,5.506221771240234,2.728208303451538,8688579,0.0,0.0
2010-01-19,5.463316917419434,5.46808385848999,5.253555774688721,5.267858028411865,2.6101057529449463,14712543,0.0,0.0
2010-01-20,5.224952220916748,5.348902225494385,5.0294928550720215,5.1439080238342285,2.548689603805542,21593598,0.0,0.0
2010-01-21,5.20111608505249,5.215417861938477,5.0771660804748535,5.124838829040527,2.5392415523529053,17401071,0.0,0.0
2010-01-22,5.229719161987305,5.434712886810303,5.229719161987305,5.387040138244629,2.6691577434539795,21310418,0.0,0.0
2010-01-25,5.434712886810303,5.434712886810303,5.329833030700684,5.377505779266357,2.664433240890503,7768140,0.0,0.0
2010-01-26,5.377505779266357,5.530058860778809,5.301229000091553,5.434712886810303,2.692776918411255,14209113,0.0,0.0
2010-01-27,5.410877227783203,5.472850799560547,5.305995941162109,5.46808385848999,2.70931363105774,12458643,0.0,0.0
2010-01-28,5.530058860778809,5.606336116790772,5.510990142822266,5.55866289138794,2.7541933059692383,12811884,0.0,0.0
2010-01-29,5.53959321975708,5.601568222045898,5.482386112213135,5.601568222045898,2.775451421737671,7251495,0.0,0.0
2010-02-01,5.572965145111084,5.577732086181641,5.515757083892822,5.53959321975708,2.7447428703308105,5474595,0.0,0.0
2010-02-02,5.563429832458496,5.568196773529053,5.434712886810303,5.434712886810303,2.692776918411255,11522682,0.0,0.0
2010-02-03,5.420411109924316,5.434712886810303,5.305995941162109,5.367970943450928,2.659709453582764,10959679,0.0,0.0
2010-02-04,5.401341915130615,5.410877227783203,5.301229000091553,5.339366912841797,2.6455352306365967,23798833,0.0,0.0
2010-02-05,5.248788833618164,5.429945945739746,5.186813831329346,5.339366912841797,2.6455352306365967,15376861,0.0,0.0
2010-02-08,5.339366912841797,5.510990142822266,5.301229000091553,5.510990142822266,2.7305705547332764,30551932,0.0,0.0
2010-02-09,5.553894996643066,5.553894996643066,5.463316917419434,5.477619171142578,2.717327356338501,17433794,0.006674,0.0
2010-02-10,5.530058860778809,5.563429832458496,5.496687889099121,5.530058860778809,2.7433419227600098,13886078,0.0,0.0
2010-02-11,5.472850799560547,5.620636940002441,5.46808385848999,5.563429832458496,2.80375599861145,39544248,0.086506,0.0
2010-02-12,5.596800804138184,5.611103057861328,5.482386112213135,5.482386112213135,2.762912034988404,14782394,0.0,0.0
2010-02-15,5.572965145111084,5.611103057861328,5.55866289138794,5.563429832458496,2.80375599861145,18385697,0.0,0.0
2010-02-16,5.577732086181641,5.630171775817871,5.53959321975708,5.553894996643066,2.7989494800567627,11319003,0.0,0.0
2010-02-17,5.525291919708252,5.744586944580078,5.510990142822266,5.696914196014404,2.8710272312164307,21552484,0.0,0.0
2010-02-18,5.730285167694092,5.79226016998291,5.639707088470459,5.696914196014404,2.8710272312164307,17679636,0.0,0.0
2010-02-19,5.649240970611572,5.72075080871582,5.6254048347473145,5.687379837036133,2.8662214279174805,10256974,0.0,0.0
2010-02-22,5.706449031829834,5.744586944580078,5.563429832458496,5.568196773529053,2.8061580657958984,9582168,0.0,0.0
2010-02-23,5.553894996643066,5.649240970611572,5.525291919708252,5.634939193725586,2.8397932052612305,9638384,0.0,0.0
2010-02-24,5.630171775817871,5.6921467781066895,5.615869998931885,5.677845001220703,2.861416339874268,10500089,0.0,0.0
2010-02-25,5.72075080871582,5.725518226623535,5.577732086181641,5.615869998931885,2.830183744430542,11289216,0.0,0.0
2010-02-26,5.606336116790772,5.644474029541016,5.515757083892822,5.592033863067627,2.8181722164154053,12011010,0.0,0.0
2010-03-01,5.634939193725586,5.634939193725586,5.487153053283691,5.53959321975708,2.791743040084839,12371592,0.0,0.0
2010-03-02,5.4919209480285645,5.620636940002441,5.46808385848999,5.620636940002441,2.832585096359253,8000557,0.0,0.0
2010-03-03,5.620636940002441,5.639707088470459,5.506221771240234,5.577732086181641,2.8109638690948486,13579825,0.0,0.0
2010-03-04,5.520524024963379,5.553894996643066,5.449015140533447,5.453782081604004,2.748498678207397,13530531,0.0,0.0
2010-03-05,5.4919209480285645,5.568196773529053,5.477619171142578,5.482386112213135,2.762912034988404,11192096,0.0,0.0
2010-03-08,5.472850799560547,5.572965145111084,5.472850799560547,5.572965145111084,2.8085596561431885,11138397,0.0,0.0
2010-03-09,5.577732086181641,5.6730780601501465,5.55866289138794,5.6730780601501465,2.85901427268982,8122849,0.0,0.0
2010-03-10,5.68261194229126,5.754121780395508,5.668310165405273,5.754121780395508,2.8998560905456543,12175464,0.0,0.0
2010-03-11,5.72075080871582,5.849466800689697,5.696914196014404,5.8065619468688965,2.9262847900390625,10149786,0.0,0.0
2010-03-12,5.863769054412842,5.92574405670166,5.825631141662598,5.882839202880859,2.964724540710449,10623430,0.0,0.0
2010-03-15,5.863769054412842,5.959115028381348,5.782724857330322,5.901907920837402,2.9743356704711914,9193058,0.0,0.0
2010-03-16,5.863769054412842,5.93527889251709,5.830398082733154,5.835165977478027,2.940700054168701,12029469,0.0,0.0
2010-03-17,5.830398082733154,5.859002113342285,5.754121780395508,5.754121780395508,2.8998560905456543,18892064,0.0,0.0
2010-03-18,5.744586944580078,6.025856971740723,5.7398200035095215,5.997253894805908,3.022386312484741,13418,0.0,0.0
2010-03-19,6.016323089599609,6.063995838165283,5.93527889251709,6.016323089599609,3.0319952964782715,22098916,0.0,0.0
2010-03-22,5.997253894805908,6.0544610023498535,5.944812774658203,5.959115028381348,3.003166437149048,12583452,0.0,0.0
2010-03-23,5.959115028381348,6.002020835876465,5.901907920837402,5.940045833587647,2.993556022644043,15845262,0.0,0.0
2010-03-24,5.901907920837402,6.025856971740723,5.887606143951416,5.997253894805908,3.022386312484741,12231051,0.0,0.0
2010-03-25,5.987719058990479,5.997253894805908,5.916210174560547,5.959115028381348,3.003166437149048,8778148,0.0,0.0
2010-03-26,5.897140026092529,5.92574405670166,5.744586944580078,5.80179500579834,2.923883438110352,16721230,0.0,0.0
2010-03-29,5.735052108764648,5.81609582901001,5.663543224334717,5.758889198303223,2.9022586345672607,12948649,0.0,0.0
2010-03-30,5.773190975189209,5.811328887939453,5.725518226623535,5.8065619468688965,2.9262847900390625,9407645,0.0,0.0
2010-03-31,5.72075080871582,5.777957916259766,5.649240970611572,5.758889198303223,2.9022586345672607,19626443,0.0,0.0
2010-04-06,5.7398200035095215,5.782724857330322,5.68261194229126,5.768424034118652,2.907064199447632,12480249,0.0,0.0
2010-04-07,5.7874932289123535,5.797027111053467,5.663543224334717,5.663543224334717,2.854208707809448,7177029,0.0,0.0
2010-04-08,5.649240970611572,5.6730780601501465,5.487153053283691,5.487153053283691,2.765314817428589,12868520,0.0,0.0
2010-04-09,5.530058860778809,5.658775806427002,5.4919209480285645,5.649240970611572,2.847001314163208,12923477,0.0,0.0
2010-04-12,5.663543224334717,5.763656139373779,5.606336116790772,5.749353885650635,2.8974549770355225,19112735,0.0,0.0
2010-04-13,5.701681137084961,5.811328887939453,5.696914196014404,5.715982913970947,2.880636692047119,21706450,0.0,0.0
2010-04-14,5.718811988830566,5.776095867156982,5.518319129943848,5.728359222412109,2.886873483657837,5245,0.0,0.0
2010-04-15,5.694943904876709,5.709265232086182,5.503997802734375,5.566055774688721,2.8050785064697266,16630100,0.0,0.0
2010-04-16,5.513545989990234,5.613791942596436,5.441940784454346,5.508771896362305,2.776212215423584,21830752,0.0,0.0
2010-04-19,5.532639980316162,5.609017848968506,5.231901168823242,5.451488018035889,2.747340679168701,23416755,0.0,0.0
2010-04-20,5.465808868408203,5.537414073944092,5.279637813568115,5.475357055664063,2.759369373321533,19009839,0.0,0.0
2010-04-21,5.714037895202637,5.718811988830566,5.642434120178223,5.66152811050415,2.853193521499634,13549637,0.0,0.0
2010-04-22,5.599471092224121,5.718811988830566,5.599471092224121,5.642434120178223,2.8435699939727783,20501785,0.0,0.0
2010-04-23,5.694943904876709,5.694943904876709,5.570828914642334,5.656754970550537,2.850787401199341,23769317,0.0,0.0
2010-04-26,5.647206783294678,5.656754970550537,5.537414073944092,5.537414073944092,2.7906439304351807,8582771,0.0,0.0
2010-04-27,5.518319129943848,5.523093223571777,5.422846794128418,5.461036205291748,2.752153158187866,9256681,0.0,0.0
2010-04-28,5.461036205291748,5.585149765014648,5.375110149383545,5.523093223571777,2.7834267616271973,16518236,0.0,0.0
2010-04-29,5.561282157897949,5.594696998596191,5.3225998878479,5.356016159057617,2.699227333068848,15502657,0.0,0.0
2010-04-30,5.241448879241943,5.246222019195557,5.040956020355225,5.131655216217041,2.586158514022827,25801941,0.0,0.0
2010-05-03,4.997992992401123,5.2175798416137695,4.988446235656738,5.060050964355469,2.550071954727173,20569867,0.0,0.0
2010-05-04,5.060050964355469,5.289185047149658,5.040956020355225,5.2128071784973145,2.627054452896118,22509061,0.0,0.0
2010-05-05,5.19371223449707,5.255770206451416,5.126881122589111,5.15552282333374,2.598185539245605,10915794,0.0,0.0
2010-05-06,4.988446235656738,5.055276870727539,4.878653049468994,5.02663516998291,2.533231258392334,23563604,0.0,0.0
2010-05-07,5.069598197937012,5.250996112823486,4.978899002075195,5.250996112823486,2.6463003158569336,39724460,0.0,0.0
2010-05-10,5.289185047149658,5.289185047149658,5.179390907287598,5.208033084869385,2.624648094177246,22782647,0.0,0.0
2010-05-11,5.203259944915772,5.222353935241699,5.069598197937012,5.150750160217285,2.59578013420105,14062664,0.0,0.0
2010-05-12,5.15552282333374,5.3225998878479,5.145976066589356,5.3225998878479,2.682386636734009,11522670,0.0,0.0
2010-05-14,5.227128028869629,5.317827224731445,5.141201972961426,5.246222019195557,2.647218704223633,14842783,0.006683,0.0
2010-05-18,5.222353935241699,5.379883766174316,5.208033084869385,5.32737398147583,2.688166856765747,9463023,0.0,0.0
2010-05-19,5.255770206451416,5.274864196777344,5.165070056915283,5.2128071784973145,2.630356788635254,9584104,0.0,0.0
2010-05-20,5.2128071784973145,5.246222019195557,5.083919048309326,5.083919048309326,2.5653209686279297,9746455,0.0,0.0
2010-05-21,5.103013038635254,5.3225998878479,5.0791449546813965,5.260542869567871,2.654444694519043,17867104,0.0,0.0
2010-05-25,5.298731803894043,5.356016159057617,5.198485851287842,5.208033084869385,2.627948045730591,9148587,0.0,0.0
2010-05-26,5.2128071784973145,5.379883766174316,5.2128071784973145,5.33214807510376,2.6905758380889893,9364146,0.0,0.0
2010-05-27,5.313053131103516,5.465808868408203,5.274864196777344,5.465808868408203,2.758020162582397,8666774,0.0,0.0
2010-05-28,5.489677906036377,5.518319129943848,5.370337009429932,5.370337009429932,2.709845304489136,6420895,0.0,0.0
2010-05-31,5.384657859802246,5.513545989990234,5.384657859802246,5.475357055664063,2.762838125228882,6762983,0.0,0.0
2010-06-01,5.422846794128418,5.604245185852051,5.403751850128174,5.585149765014648,2.8182389736175537,20607993,0.0,0.0
2010-06-02,5.585149765014648,5.604245185852051,5.456262111663818,5.513545989990234,2.782109022140503,10445922,0.0,0.0
2010-06-03,5.561282157897949,5.575603008270264,5.456262111663818,5.489677906036377,2.7700650691986084,3722,0.0,0.0
2010-06-04,5.609017848968506,5.62811279296875,5.537414073944092,5.570828914642334,2.8110127449035645,6343596,0.0,0.0
2010-06-07,5.55650806427002,5.685396194458008,5.523093223571777,5.570828914642334,2.8110127449035645,11501512,0.0,0.0
2010-06-08,5.561282157897949,5.613791942596436,5.480130195617676,5.604245185852051,2.8278751373291016,12023546,0.0,0.0
2010-06-09,5.561282157897949,5.604245185852051,5.422846794128418,5.451488018035889,2.750793695449829,11618613,0.0,0.0
2010-06-10,5.461036205291748,5.55650806427002,5.403751850128174,5.537414073944092,2.7941527366638184,5599718,0.0,0.0
2010-06-11,5.546960830688477,5.570828914642334,5.484903812408447,5.503997802734375,2.7772915363311768,4729102,0.0,0.0
2010-06-14,5.408525943756104,5.437168121337891,5.241448879241943,5.250996112823486,2.6496284008026123,12986125,0.0,0.0
2010-06-15,5.255770206451416,5.3416948318481445,5.112561225891113,5.112561225891113,2.579774618148804,15495116,0.0,0.0
2010-06-16,5.174617767333984,5.384657859802246,5.131655216217041,5.384657859802246,2.717072010040283,20139587,0.0,0.0
2010-06-17,5.389430999755859,5.437168121337891,5.313053131103516,5.384657859802246,2.717072010040283,7957042,0.0,0.0
2010-06-18,5.413299083709717,5.422846794128418,5.270090103149414,5.270090103149414,2.659262180328369,6616553,0.0,0.0
2010-06-21,5.370337009429932,5.422846794128418,5.336921215057373,5.422846794128418,2.736342191696167,8039788,0.0,0.0
2010-06-22,5.427619934082031,5.714037895202637,5.408525943756104,5.714037895202637,2.8832781314849854,13109721,0.0,0.0
2010-06-23,5.728359222412109,5.833378791809082,5.694943904876709,5.780869007110596,2.916999340057373,14903533,0.0,0.0
2010-06-24,5.804737091064453,5.919304847717285,5.733132839202881,5.757000923156738,2.9049549102783203,12070261,0.0,0.0
2010-06-25,5.79996395111084,5.833378791809082,5.771321773529053,5.823832035064697,2.9386768341064453,9223792,0.0,0.0
2010-06-28,5.804737091064453,5.852474212646484,5.766548156738281,5.814284801483154,2.9338603019714355,9591855,0.0,0.0
2010-06-29,5.814284801483154,5.828605175018311,5.694943904876709,5.79996395111084,2.926635503768921,7444225,0.0,0.0
2010-06-30,5.771321773529053,5.814284801483154,5.613791942596436,5.62811279296875,2.8399200439453125,10201663,0.0,0.0
2010-07-01,5.656754970550537,5.776095867156982,5.651980876922607,5.776095867156982,2.914590120315552,6145633,0.0,0.0
2010-07-02,5.718811988830566,5.871568202972412,5.704491138458252,5.804737091064453,2.9290430545806885,11043580,0.0,0.0
2010-07-05,5.85724687576294,5.885889053344727,5.766548156738281,5.847700119018555,2.9507222175598145,11617357,0.0,0.0
2010-07-06,5.919304847717285,6.019550800323486,5.900209903717041,5.986135005950928,3.020573854446411,16364894,0.0,0.0
2010-07-07,6.014777183532715,6.062513828277588,5.904983997344971,6.062513828277588,3.059115409851074,14611722,0.0,0.0
2010-07-08,6.062513828277588,6.086381912231445,5.986135005950928,6.081607818603516,3.06874942779541,11490828,0.0,0.0
2010-07-09,6.110249996185303,6.13411808013916,6.005229949951172,6.0243239402771,3.0398435592651367,13319833,0.0,0.0
2010-07-12,6.014777183532715,6.186627864837647,5.976587772369385,6.13411808013916,3.0952470302581787,19128826,0.0,0.0
2010-07-13,6.186627864837647,6.1961750984191895,6.076834201812744,6.1961750984191895,3.1265597343444824,9214784,0.0,0.0
2010-07-14,6.148438930511475,6.2534589767456055,6.091155052185059,6.243912220001221,3.1506478786468506,16031814,0.0,0.0
2010-07-15,6.291647911071777,6.291647911071777,6.224816799163818,6.26777982711792,3.162688970565796,9428458,0.0,0.0
2010-07-16,6.229590892791748,6.248684883117676,6.014777183532715,6.019550800323486,3.037436962127685,16708657,0.0,0.0
2010-07-19,6.062513828277588,6.095929145812988,5.904983997344971,5.990909099578857,3.02298355102539,13378489,0.0,0.0
2010-07-20,5.990909099578857,6.048192977905273,5.971814155578613,6.005229949951172,3.0302093029022217,5293033,0.0,0.0
2010-07-21,5.9813618659973145,6.067286968231201,5.947946071624756,6.043418884277344,3.0494801998138428,6830227,0.0,0.0
2010-07-22,6.067286968231201,6.110249996185303,6.000455856323242,6.052966117858887,3.054297924041748,7673400,0.0,0.0
2010-07-23,5.995683193206787,6.043418884277344,5.957493782043457,6.029098033905029,3.0422537326812744,6564392,0.0,0.0
2010-07-26,5.924077987670898,5.9527201652526855,5.79518985748291,5.847700119018555,2.9650096893310547,13192048,0.029052,0.0
2010-07-27,5.833378791809082,5.895435810089111,5.780869007110596,5.876341819763184,2.97953200340271,5882521,0.0,0.0
2010-07-28,5.866795063018799,5.96226692199707,5.847700119018555,5.890663146972656,2.98679256439209,9781019,0.0,0.0
2010-07-29,5.909757137298584,5.976587772369385,5.85724687576294,5.976587772369385,3.030359983444214,6565020,0.0,0.0
2010-07-30,5.976587772369385,6.029098033905029,5.967041015625,6.005229949951172,3.0448811054229736,8427333,0.0,0.0
2010-08-02,6.000455856323242,6.010004043579102,5.943172931671143,5.943172931671143,3.0134167671203613,10267022,0.0,0.0
2010-08-03,5.943172931671143,6.005229949951172,5.852474212646484,5.881114959716797,2.9819514751434326,8334951,0.0,0.0
2010-08-04,5.866795063018799,5.871568202972412,5.814284801483154,5.871568202972412,2.9771111011505127,4714648,0.0,0.0
2010-08-05,5.900209903717041,5.909757137298584,5.823832035064697,5.823832035064697,2.9529058933258057,7434589,0.0,0.0
2010-08-06,5.804737091064453,5.814284801483154,5.714037895202637,5.728359222412109,2.9044978618621826,11690467,0.0,0.0
2010-08-09,5.704491138458252,5.766548156738281,5.62811279296875,5.733132839202881,2.906921625137329,12120118,0.0,0.0
2010-08-10,5.752226829528809,5.776095867156982,5.580377101898193,5.63288688659668,2.8560903072357178,11247408,0.0,0.0
2010-08-11,5.694943904876709,5.819057941436768,5.599471092224121,5.819057941436768,2.9504857063293457,14996963,0.0,0.0
2010-08-12,5.819057941436768,5.819057941436768,5.690169811248779,5.690169811248779,2.885134696960449,5639,0.0,0.0
2010-08-13,5.742680072784424,5.900209903717041,5.728359222412109,5.871568202972412,2.9771111011505127,21211307,0.0,0.0
2010-08-16,5.895435810089111,5.96226692199707,5.733132839202881,5.919304847717285,3.0047357082366943,10325,0.006683,0.0
2010-08-17,5.914531230926514,5.919304847717285,5.842926025390625,5.852474212646484,2.970808982849121,10755958,0.0,0.0
2010-08-18,5.914531230926514,5.914531230926514,5.79518985748291,5.847700119018555,2.968388319015503,11369327,0.0,0.0
2010-08-19,5.823832035064697,5.842926025390625,5.757000923156738,5.809511184692383,2.949002742767334,4170827,0.0,0.0
2010-08-20,5.842926025390625,5.842926025390625,5.757000923156738,5.804737091064453,2.9465794563293457,8361555,0.0,0.0
2010-08-23,5.823832035064697,5.85724687576294,5.737905979156494,5.771321773529053,2.929617404937744,7431237,0.0,0.0
2010-08-24,5.7904157638549805,5.79996395111084,5.737905979156494,5.79996395111084,2.944157600402832,9399758,0.0,0.0
2010-08-25,5.852474212646484,5.928852081298828,5.833378791809082,5.919304847717285,3.0047357082366943,15835737,0.0,0.0
2010-08-26,5.895435810089111,6.010004043579102,5.890663146972656,6.000455856323242,3.045927762985229,15071958,0.0,0.0
2010-08-27,5.947946071624756,6.038644790649414,5.933625221252441,6.0243239402771,3.0580437183380127,14146248,0.0,0.0
2010-08-30,6.005229949951172,6.014777183532715,5.971814155578613,6.014777183532715,3.0531973838806152,9739542,0.0,0.0
2010-08-31,5.995683193206787,6.052966117858887,5.924077987670898,5.9813618659973145,3.036236047744751,9355557,0.0,0.0
2010-09-01,5.723586082458496,5.723586082458496,5.723586082458496,5.723586082458496,2.9053850173950195,868311,0.0,0.0
2010-09-02,6.010004043579102,6.048192977905273,5.924077987670898,5.943172931671143,3.016850709915161,11059920,0.0,0.0
2010-09-03,5.924077987670898,6.033872127532959,5.914531230926514,5.9527201652526855,3.021698236465454,4786,0.0,0.0
2010-09-06,5.928852081298828,6.091155052185059,5.919304847717285,5.986135005950928,3.038658618927002,25455664,0.0,0.0
2010-09-07,6.014777183532715,6.0243239402771,5.881114959716797,5.943172931671143,3.016850709915161,13249447,0.0,0.0
2010-09-08,5.967041015625,5.976587772369385,5.881114959716797,5.957493782043457,3.024120330810547,8326572,0.0,0.0
2010-09-09,5.957493782043457,6.0243239402771,5.919304847717285,6.005229949951172,3.0483508110046387,8851748,0.0,0.0
2010-09-10,5.971814155578613,6.067286968231201,5.9527201652526855,6.062513828277588,3.077430248260498,21560098,0.0,0.0
2010-09-13,6.095929145812988,6.167532920837402,6.038644790649414,6.167532920837402,3.1307389736175537,16139698,0.0,0.0
2010-09-14,6.162759780883789,6.263006210327148,6.13411808013916,6.239138126373291,3.167088031768799,14861008,0.0,0.0
2010-09-15,6.205721855163574,6.286873817443848,6.191401958465576,6.286873817443848,3.191318988800049,12027317,0.0,0.0
2010-09-16,6.334610939025879,6.482593059539795,6.296422004699707,6.463499069213867,3.280977964401245,16385214,0.0,0.0
2010-09-17,6.43485689163208,6.473045825958252,6.348930835723877,6.410988807678223,3.254322052001953,18353735,0.0,0.0
2010-09-20,6.377573013305664,6.4682722091674805,6.310741901397705,6.396667957305908,3.2470521926879883,9644226,0.0,0.0
2010-09-21,6.387121200561523,6.544650077819824,6.358479022979736,6.535102844238281,3.3173258304595947,12853941,0.0,0.0
2010-09-22,6.5255560874938965,6.539876937866211,6.463499069213867,6.49213981628418,3.295516014099121,4284577,0.0,0.0
2010-09-23,6.539876937866211,6.558970928192139,6.49213981628418,6.496913909912109,3.297938823699951,25884896,0.0,0.0
2010-09-24,6.487367153167725,6.506461143493652,6.36325216293335,6.496913909912109,3.297938823699951,10121012,0.0,0.0
2010-09-27,6.501688003540039,6.539876937866211,6.453950881958008,6.539876937866211,3.319748878479004,10540399,0.0,0.0
2010-09-28,6.477819919586182,6.563745021820068,6.4587249755859375,6.539876937866211,3.319748878479004,12523375,0.0,0.0
2010-09-29,6.43963098526001,6.5160088539123535,6.339384078979492,6.4587249755859375,3.2785544395446777,12538877,0.0,0.0
2010-09-30,6.463499069213867,6.5160088539123535,6.4014410972595215,6.501688003540039,3.300361394882202,9449197,0.0,0.0
2010-10-01,6.501688003540039,6.554197788238525,6.377573013305664,6.473045825958252,3.2858238220214844,9608405,0.0,0.0
2010-10-04,6.501688003540039,6.501688003540039,6.4014410972595215,6.473045825958252,3.2858238220214844,9970393,0.0,0.0
2010-10-05,6.4682722091674805,6.535102844238281,6.425310134887695,6.43008279800415,3.2640151977539062,10268908,0.0,0.0
2010-10-06,6.4014410972595215,6.463499069213867,6.3918938636779785,6.463499069213867,3.280977964401245,8438855,0.0,0.0
2010-10-07,6.487367153167725,6.487367153167725,6.296422004699707,6.372799873352051,3.2349369525909424,10976754,0.0,0.0
2010-10-08,6.415761947631836,6.425310134887695,6.310741901397705,6.325063228607178,3.21070408821106,8360299,0.0,0.0
2010-10-11,6.36325216293335,6.43963098526001,6.310741901397705,6.43963098526001,3.268861532211304,10882696,0.0,0.0
2010-10-12,6.43963098526001,6.535102844238281,6.420536041259766,6.482593059539795,3.290670156478882,10303892,0.0,0.0
2010-10-13,6.49213981628418,6.535102844238281,6.449178218841553,6.501688003540039,3.300361394882202,13397971,0.0,0.0
2010-10-14,6.520781993865967,6.6639909744262695,6.501688003540039,6.6639909744262695,3.382749080657959,17328939,0.0,0.0
2010-10-15,6.649670124053955,6.697406768798828,6.60193395614624,6.673539161682129,3.3875977993011475,9335656,0.0,0.0
2010-10-18,6.625802040100098,6.697406768798828,6.597159862518311,6.678311824798584,3.3900208473205566,4567799,0.0,0.0
2010-10-19,6.706954002380371,6.711728096008301,6.539876937866211,6.573291778564453,3.336708307266236,12536154,0.0,0.0
2010-10-20,6.535102844238281,6.625802040100098,6.258232116699219,6.578065872192383,3.339132785797119,11579649,0.0,0.0
2010-10-21,6.5160088539123535,6.5255560874938965,6.444404125213623,6.506461143493652,3.302784204483032,10913700,0.0,0.0
2010-10-22,6.444404125213623,6.5160088539123535,6.387121200561523,6.5160088539123535,3.307631015777588,13583574,0.0,0.0
2010-10-25,6.487367153167725,6.530330181121826,6.325063228607178,6.406215190887451,3.251899242401123,13004979,0.0,0.0
2010-10-26,6.420536041259766,6.420536041259766,6.358479022979736,6.387121200561523,3.242205858230591,7424533,0.0,0.0
2010-10-27,6.4682722091674805,6.49213981628418,6.420536041259766,6.449178218841553,3.273707628250122,9897702,0.0,0.0
2010-10-28,6.43485689163208,6.5255560874938965,6.382347106933594,6.511235237121582,3.30521011352539,7017296,0.0,0.0
2010-10-29,6.496913909912109,6.511235237121582,6.3202900886535645,6.415761947631836,3.256746292114258,8763136,0.0,0.0
2010-11-01,6.3202900886535645,6.358479022979736,6.167532920837402,6.239138126373291,3.167088031768799,14850952,0.0,0.0
2010-11-02,6.30119514465332,6.3918938636779785,6.282101154327393,6.296422004699707,3.1961653232574463,15480871,0.0,0.0
2010-11-03,6.315515995025635,6.344158172607422,6.248684883117676,6.334610939025879,3.215551853179932,7960812,0.0,0.0
2010-11-04,6.2534589767456055,6.30119514465332,6.215270042419434,6.263006210327148,3.179203748703003,11937239,0.0,0.0
2010-11-05,6.229590892791748,6.243912220001221,6.119797229766846,6.210495948791504,3.152547597885132,13397133,0.0,0.0
2010-11-08,6.172307014465332,6.282101154327393,6.143664836883545,6.186627864837647,3.140432834625244,18418885,0.0,0.0
2010-11-09,6.296422004699707,6.377573013305664,6.2534589767456055,6.325063228607178,3.214177131652832,15568226,0.006683,0.0
2010-11-10,6.358479022979736,6.382347106933594,6.310741901397705,6.3202900886535645,3.2117507457733154,8249272,0.0,0.0
2010-11-11,6.286873817443848,6.315515995025635,6.181853771209717,6.205721855163574,3.1535325050354004,14241773,0.0,0.0
2010-11-12,6.220043182373047,6.2534589767456055,6.124570846557617,6.153213024139404,3.126848697662353,8007527,0.0,0.0
2010-11-15,6.229590892791748,6.263006210327148,6.162759780883789,6.162759780883789,3.131699562072754,6844681,0.0,0.0
2010-11-16,6.143664836883545,6.157986164093018,6.038644790649414,6.081607818603516,3.0904603004455566,10333429,0.0,0.0
2010-11-17,6.086381912231445,6.119797229766846,5.947946071624756,5.976587772369385,3.037094116210937,19000831,0.0,0.0
2010-11-18,6.019550800323486,6.038644790649414,5.924077987670898,5.9813618659973145,3.0395195484161377,13559483,0.0,0.0
2010-11-19,6.038644790649414,6.052966117858887,5.947946071624756,6.0243239402771,3.0613512992858887,12986335,0.0,0.0
2010-11-22,6.029098033905029,6.067286968231201,5.928852081298828,6.067286968231201,3.083184003829956,10873060,0.0,0.0
2010-11-23,6.029098033905029,6.072061061859131,5.976587772369385,6.057740211486816,3.078332662582397,18469999,0.0,0.0
2010-11-24,6.076834201812744,6.095929145812988,5.976587772369385,5.995683193206787,3.046797037124634,13626309,0.0,0.0
2010-11-25,5.971814155578613,6.062513828277588,5.957493782043457,6.062513828277588,3.0807576179504395,10863005,0.0,0.0
2010-11-26,6.067286968231201,6.081607818603516,5.919304847717285,5.919304847717285,3.007985591888428,14508446,0.0,0.0
2010-11-29,5.957493782043457,6.076834201812744,5.933625221252441,6.057740211486816,3.078332662582397,8515736,0.0,0.0
2010-11-30,6.038644790649414,6.205721855163574,5.995683193206787,6.205721855163574,3.1535325050354004,16032023,0.0,0.0
2010-12-01,6.157986164093018,6.263006210327148,6.153213024139404,6.205721855163574,3.1535325050354004,11269404,0.0,0.0
2010-12-02,6.167532920837402,6.200949192047119,6.086381912231445,6.086381912231445,3.0928874015808105,3936624,0.0,0.0
2010-12-03,6.105475902557373,6.205721855163574,6.052966117858887,6.110249996185303,3.105015993118286,6328303,0.0,0.0
2010-12-06,6.115023136138916,6.263006210327148,6.105475902557373,6.263006210327148,3.182640790939331,8581933,0.0,0.0
2010-12-07,6.277327060699463,6.30119514465332,6.200949192047119,6.30119514465332,3.202047109603882,16354000,0.0,0.0
2010-12-08,6.296422004699707,6.387121200561523,6.272552967071533,6.30596923828125,3.204473733901977,12127869,0.0,0.0
2010-12-09,6.339384078979492,6.387121200561523,6.296422004699707,6.387121200561523,3.264068603515625,13303703,0.035463,0.0
2010-12-10,6.344158172607422,6.4682722091674805,6.339384078979492,6.4682722091674805,3.3055403232574463,13383307,0.0,0.0
2010-12-13,6.444404125213623,6.444404125213623,6.291647911071777,6.329836845397949,3.234793901443481,19804622,0.0,0.0
2010-12-14,6.310741901397705,6.344158172607422,6.119797229766846,6.143664836883545,3.1396522521972656,14594125,0.0,0.0
2010-12-15,6.115023136138916,6.215270042419434,6.033872127532959,6.215270042419434,3.1762449741363525,14014064,0.0,0.0
2010-12-16,6.248684883117676,6.325063228607178,6.243912220001221,6.277327060699463,3.2079567909240723,20215629,0.0,0.0
2010-12-17,6.329836845397949,6.425310134887695,6.325063228607178,6.425310134887695,3.2835848331451416,15230328,0.0,0.0
2010-12-20,6.449178218841553,6.463499069213867,6.282101154327393,6.30119514465332,3.2201571464538574,9544721,0.0,0.0
2010-12-21,6.296422004699707,6.334610939025879,6.239138126373291,6.277327060699463,3.2079567909240723,16913113,0.0,0.0
2010-12-22,6.243912220001221,6.26777982711792,6.200949192047119,6.205721855163574,3.1713666915893555,6839235,0.0,0.0
2010-12-23,6.229590892791748,6.277327060699463,6.095929145812988,6.124570846557617,3.1298961639404297,17681291,0.0,0.0
2010-12-27,6.13889217376709,6.157986164093018,6.000455856323242,6.005229949951172,3.068906307220459,25388838,0.0,0.0
2010-12-28,6.000455856323242,6.019550800323486,5.819057941436768,5.895435810089111,3.0127980709075928,30250125,0.0,0.0
2010-12-29,5.900209903717041,5.9527201652526855,5.847700119018555,5.895435810089111,3.0127980709075928,15438974,0.0,0.0
2010-12-30,5.900209903717041,5.947946071624756,5.876341819763184,5.947946071624756,3.039633750915528,10210043,0.0,0.0
2011-01-03,5.928852081298828,5.967041015625,5.823832035064697,5.838152885437012,2.9835236072540283,13952056,0.0,0.0
2011-01-04,5.871568202972412,5.895435810089111,5.6806230545043945,5.852474212646484,2.99084210395813,17735967,0.0,0.0
2011-01-05,5.838152885437012,5.852474212646484,5.604245185852051,5.761775016784668,2.944492816925049,18270151,0.0,0.0
2011-01-06,5.776095867156982,5.785643100738525,5.589923858642578,5.62811279296875,2.876186847686768,21185331,0.0,0.0
2011-01-07,5.699717044830322,5.718811988830566,5.63288688659668,5.63288688659668,2.878624677658081,9123,0.0,0.0
2011-01-10,5.694943904876709,5.742680072784424,5.546960830688477,5.546960830688477,2.834713697433472,23949473,0.0,0.0
2011-01-11,5.885889053344727,5.900209903717041,5.833378791809082,5.900209903717041,3.0152387619018555,5027,0.0,0.0
2011-01-12,5.523093223571777,5.537414073944092,5.3416948318481445,5.370337009429932,2.7444522380828857,18500165,0.0,0.0
2011-01-13,5.394205093383789,5.441940784454346,5.317827224731445,5.413299083709717,2.766406536102295,12795285,0.0,0.0
2011-01-14,5.398979187011719,5.651980876922607,5.398979187011719,5.62811279296875,2.876186847686768,7361,0.0,0.0
2011-01-17,5.62811279296875,5.62811279296875,5.62811279296875,5.62811279296875,2.876186847686768,0,0.0,0.0
2011-01-18,5.437168121337891,5.513545989990234,5.437168121337891,5.446714878082275,2.783484697341919,20900433,0.0,0.0
2011-01-19,5.475357055664063,5.671075820922852,5.422846794128418,5.63288688659668,2.878624677658081,21721401,0.0,0.0
2011-01-20,5.613791942596436,5.728359222412109,5.609017848968506,5.690169811248779,2.9078989028930664,12544114,0.0,0.0
2011-01-21,5.66630220413208,5.780869007110596,5.613791942596436,5.766548156738281,2.9469311237335205,15174396,0.0,0.0
2011-01-24,5.761775016784668,5.909757137298584,5.752226829528809,5.881114959716797,3.005479097366333,17599383,0.0,0.0
2011-01-25,5.885889053344727,5.967041015625,5.842926025390625,5.938398838043213,3.034752368927002,13158740,0.0,0.0
2011-01-26,5.909757137298584,5.957493782043457,5.809511184692383,5.919304847717285,3.024996995925904,8196273,0.0,0.0
2011-01-27,5.890663146972656,5.909757137298584,5.804737091064453,5.862020969390869,2.995721340179444,9502196,0.0,0.0
2011-01-28,5.819057941436768,5.885889053344727,5.66152811050415,5.714037895202637,2.920098066329956,18362953,0.0,0.0
2011-01-31,5.742680072784424,5.7904157638549805,5.63288688659668,5.776095867156982,2.951810359954834,15368378,0.0,0.0
2011-02-01,5.776095867156982,5.776095867156982,5.776095867156982,5.776095867156982,2.951810359954834,0,0.0,0.0
2011-02-02,5.780869007110596,5.809511184692383,5.580377101898193,5.685396194458008,2.9054598808288574,17628711,0.0,0.0
2011-02-03,5.694943904876709,5.804737091064453,5.6806230545043945,5.79518985748291,2.9615678787231445,18480473,0.0,0.0
2011-02-04,5.79518985748291,5.809511184692383,5.637660026550293,5.637660026550293,2.8843910694122314,12275765,0.006683,0.0
2011-02-07,5.651980876922607,5.709265232086182,5.618566036224365,5.6806230545043945,2.906372547149658,11391952,0.0,0.0
2011-02-08,5.723586082458496,5.804737091064453,5.6806230545043945,5.761775016784668,2.9478919506073,14827909,0.0,0.0
2011-02-09,5.757000923156738,5.819057941436768,5.685396194458008,5.752226829528809,2.9430060386657715,12143581,0.0,0.0
2011-02-10,5.752226829528809,5.752226829528809,5.752226829528809,5.752226829528809,2.9430060386657715,0,0.0,0.0
2011-02-11,5.566055774688721,5.566055774688721,5.422846794128418,5.427619934082031,2.786205768585205,20442920,0.019152,0.0
2011-02-14,5.437168121337891,5.551734924316406,5.398979187011719,5.551734924316406,2.84991717338562,19216391,0.0,0.0
2011-02-15,5.513545989990234,5.599471092224121,5.49445104598999,5.585149765014648,2.867070436477661,9407090,0.0,0.0
2011-02-16,5.437168121337891,5.675848960876465,5.413299083709717,5.656754970550537,2.903828859329224,19198165,0.0,0.0
2011-02-17,5.66152811050415,5.699717044830322,5.456262111663818,5.537414073944092,2.84256649017334,14485612,0.0,0.0
2011-02-18,5.594696998596191,5.62811279296875,5.489677906036377,5.546960830688477,2.8474667072296143,15301972,0.0,0.0
2011-02-21,5.55650806427002,5.66630220413208,5.55650806427002,5.647206783294678,2.898925542831421,11504654,0.0,0.0
2011-02-22,5.585149765014648,5.704491138458252,5.585149765014648,5.675848960876465,2.913630485534668,5978,0.0,0.0
2011-02-23,5.6806230545043945,5.704491138458252,5.637660026550293,5.66152811050415,2.906278848648072,11394466,0.0,0.0
2011-02-24,5.780869007110596,5.828605175018311,5.7474541664123535,5.780869007110596,2.967540740966797,10082257,0.0,0.0
2011-02-25,5.752226829528809,5.85724687576294,5.752226829528809,5.776095867156982,2.9650917053222656,4943,0.0,0.0
2011-02-28,5.776095867156982,5.862020969390869,5.766548156738281,5.79996395111084,2.977344751358032,11317794,0.0,0.0
2011-03-01,5.804737091064453,5.862020969390869,5.785643100738525,5.7904157638549805,2.9724416732788086,4841176,0.0,0.0
2011-03-02,5.819057941436768,5.823832035064697,5.728359222412109,5.771321773529053,2.9626405239105225,9549330,0.0,0.0
2011-03-03,5.819057941436768,5.823832035064697,5.728359222412109,5.771321773529053,2.990267753601074,9549330,0.053321,0.0
2011-03-04,5.761775016784668,5.909757137298584,5.742680072784424,5.909757137298584,3.0619938373565674,14053447,0.0,0.0
2011-03-07,5.909757137298584,5.909757137298584,5.909757137298584,5.909757137298584,3.0619938373565674,0,0.0,0.0
2011-03-08,6.157986164093018,6.177081108093262,6.052966117858887,6.10070276260376,3.160928726196289,12218157,0.0,0.0
2011-03-09,6.10070276260376,6.10070276260376,6.10070276260376,6.10070276260376,3.160928726196289,0,0.0,0.0
2011-03-10,6.086381912231445,6.129343986511231,6.033872127532959,6.076834201812744,3.148561477661133,10817546,0.0,0.0
2011-03-11,6.043418884277344,6.081607818603516,5.976587772369385,6.043418884277344,3.131248235702514,11576298,0.0,0.0
2011-03-14,6.029098033905029,6.062513828277588,5.895435810089111,5.938398838043213,3.076833724975586,12710235,0.0,0.0
2011-03-15,5.919304847717285,5.957493782043457,5.85724687576294,5.914531230926514,3.064466953277588,12028993,0.0,0.0
2011-03-16,5.866795063018799,5.890663146972656,5.7904157638549805,5.876341819763184,3.0446810722351074,11212214,0.0,0.0
2011-03-17,5.943172931671143,5.947946071624756,5.842926025390625,5.895435810089111,3.0545732975006104,13545448,0.0,0.0
2011-03-18,5.842926025390625,5.914531230926514,5.733132839202881,5.780869007110596,2.9952147006988525,11548227,0.0,0.0
2011-03-21,5.79996395111084,5.838152885437012,5.752226829528809,5.814284801483154,3.01252818107605,7372791,0.0,0.0
2011-03-22,5.785643100738525,5.79996395111084,5.66630220413208,5.761775016784668,2.985320568084717,12759464,0.0,0.0
2011-03-23,5.809511184692383,5.862020969390869,5.79996395111084,5.842926025390625,3.0273666381835938,9492979,0.0,0.0
2011-03-24,5.895435810089111,5.96226692199707,5.852474212646484,5.96226692199707,3.0891993045806885,7693720,0.0,0.0
2011-03-25,5.943172931671143,5.943172931671143,5.871568202972412,5.914531230926514,3.064466953277588,5186825,0.0,0.0
2011-03-28,5.924077987670898,6.010004043579102,5.909757137298584,5.9813618659973145,3.099093437194824,6469914,0.0,0.0
2011-03-29,5.967041015625,6.005229949951172,5.847700119018555,5.871568202972412,3.042207956314087,11482030,0.0,0.0
2011-03-30,5.833378791809082,5.866795063018799,5.6806230545043945,5.728359222412109,2.968007326126098,13928175,0.0,0.0
2011-03-31,5.709265232086182,5.79996395111084,5.690169811248779,5.79996395111084,3.0051076412200928,8579209,0.0,0.0
2011-04-01,5.799971103668213,5.866911888122559,5.670869827270508,5.713902950286865,2.960516929626465,12048914,0.0,0.0
2011-04-04,5.680432796478272,5.713902950286865,5.527424812316895,5.560894966125488,2.881240129470825,14447320,0.0,0.0
2011-04-05,5.608709812164307,5.627836227416992,5.51308012008667,5.565677165985107,2.883718252182007,15479002,0.0,0.0
2011-04-06,5.536987781524658,5.656525135040283,5.522643089294434,5.603929042816162,2.9035356044769287,13557643,0.0,0.0
2011-04-07,5.661306858062744,5.761719226837158,5.642180919647217,5.742591857910156,2.9753806591033936,11563921,0.0,0.0
2011-04-08,5.838222980499268,5.905163764953613,5.838222980499268,5.89560079574585,3.054658889770508,2074240,0.0,0.0
2011-04-11,5.737811088562012,5.7808451652526855,5.670869827270508,5.737811088562012,2.9729039669036865,10950725,0.0,0.0
2011-04-12,5.804751873016357,5.804751873016357,5.694777011871338,5.723465919494629,2.965472936630249,19968379,0.0,0.0
2011-04-13,5.685214042663574,5.756937026977539,5.666088104248047,5.733028888702393,2.9704277515411377,16107465,0.0,0.0
2011-04-14,5.733028888702393,5.737811088562012,5.556114196777344,5.580020904541016,2.891148567199707,20387285,0.0,0.0
2011-04-15,5.570457935333252,5.613492012023926,5.45570182800293,5.484391212463379,2.8416006565093994,24447091,0.0,0.0
2011-04-18,5.489171981811523,5.508298873901367,5.412668228149414,5.508298873901367,2.8539879322052,14933568,0.0,0.0
2011-04-19,5.508298873901367,5.556114196777344,5.388761043548584,5.441357135772705,2.819305658340454,15369832,0.0,0.0
2011-04-20,5.450920104980469,5.465264797210693,5.3648529052734375,5.3935418128967285,2.7945289611816406,10541649,0.0,0.0
2011-04-26,5.412668228149414,5.427012920379639,5.326601028442383,5.355289936065674,2.774709939956665,15842695,0.0,0.0
2011-04-27,5.312256813049316,5.3935418128967285,5.274004936218262,5.331383228302002,2.762324571609497,12866438,0.0,0.0
2011-04-28,5.3648529052734375,5.465264797210693,5.3361639976501465,5.465264797210693,2.8316903114318848,10889657,0.0,0.0
2011-04-29,5.450920104980469,5.45570182800293,5.383978843688965,5.427012920379639,2.8118703365325928,9541129,0.0,0.0
2011-05-02,5.446138858795166,5.594366073608398,5.431794166564941,5.594366073608398,2.898582220077514,15411869,0.0,0.0
2011-05-03,5.584803104400635,5.637399196624756,5.551331996917725,5.565677165985107,2.883718252182007,11192072,0.0,0.0
2011-05-04,5.584803104400635,5.599146842956543,5.532206058502197,5.532206058502197,2.866374015808105,5471912,0.0,0.0
2011-05-05,5.560894966125488,5.64696216583252,5.536987781524658,5.64696216583252,2.9258337020874023,16866849,0.0,0.0
2011-05-06,5.603929042816162,5.6517438888549805,5.517861843109131,5.565677165985107,2.887139081954956,18048484,0.006694,0.0
2011-05-09,5.580020904541016,5.61827278137207,5.47960901260376,5.61827278137207,2.91442346572876,16556905,0.0,0.0
2011-05-10,5.584803104400635,5.689995765686035,5.560894966125488,5.61827278137207,2.91442346572876,12868111,0.0,0.0
2011-05-11,5.61827278137207,5.6517438888549805,5.470046043395996,5.503517150878906,2.854894161224365,11019114,0.0,0.0
2011-05-12,5.54655122756958,5.61827278137207,5.522643089294434,5.570457935333252,2.889620304107666,13953543,0.0,0.0
2011-05-13,5.527424812316895,5.575240135192871,5.484391212463379,5.570457935333252,2.889620304107666,14319118,0.0,0.0
2011-05-16,5.536987781524658,5.565677165985107,5.460483074188232,5.517861843109131,2.862337112426758,14636172,0.0,0.0
2011-05-18,5.508298873901367,5.508298873901367,5.431794166564941,5.460483074188232,2.832571268081665,15579180,0.0,0.0
2011-05-19,5.493954181671143,5.51308012008667,5.45570182800293,5.45570182800293,2.830090045928955,13493437,0.0,0.0
2011-05-20,5.493954181671143,5.532206058502197,5.474827766418457,5.532206058502197,2.869776964187622,11654060,0.0,0.0
2011-05-23,5.489171981811523,5.594366073608398,5.470046043395996,5.565677165985107,2.887139081954956,22337924,0.0,0.0
2011-05-24,5.522643089294434,5.584803104400635,5.436575889587402,5.522643089294434,2.8648176193237305,15009067,0.0,0.0
2011-05-25,5.536987781524658,5.541769027709961,5.412668228149414,5.493954181671143,2.849932909011841,15704454,0.0,0.0
2011-05-26,5.441357135772705,5.560894966125488,5.431794166564941,5.532206058502197,2.869776964187622,17622049,0.0,0.0
2011-05-27,5.536987781524658,5.551331996917725,5.47960901260376,5.493954181671143,2.849932909011841,20308230,0.0,0.0
2011-05-30,5.474827766418457,5.599146842956543,5.460483074188232,5.51308012008667,2.859855890274048,11653223,0.0,0.0
2011-05-31,5.522643089294434,5.54655122756958,5.45570182800293,5.498735904693604,2.852413892745972,16315349,0.0,0.0
2011-06-01,5.508298873901367,5.536987781524658,5.465264797210693,5.51308012008667,2.859855890274048,10548760,0.0,0.0
2011-06-03,5.522643089294434,5.666088104248047,5.508298873901367,5.666088104248047,2.939227104187012,14404655,0.0,0.0
2011-06-06,5.680432796478272,5.723465919494629,5.637399196624756,5.699559211730957,2.956590175628662,10314734,0.0,0.0
2011-06-07,5.728248119354248,5.733028888702393,5.666088104248047,5.733028888702393,2.97395133972168,11285766,0.0,0.0
2011-06-08,5.718685150146484,5.761719226837158,5.642180919647217,5.747374057769775,2.9813926219940186,14549170,0.0,0.0
2011-06-09,5.733028888702393,5.799971103668213,5.704339981079102,5.771282196044922,2.993795871734619,5512275,0.0,0.0
2011-06-10,5.752155780792236,5.776062965393066,5.699559211730957,5.761719226837158,2.988835573196411,8717958,0.0,0.0
2011-06-14,5.728248119354248,5.747374057769775,5.6517438888549805,5.689995765686035,2.951629400253296,7097131,0.0,0.0
2011-06-15,5.733028888702393,5.733028888702393,5.551331996917725,5.556114196777344,2.8821794986724854,18424725,0.0,0.0
2011-06-16,5.503517150878906,5.517861843109131,5.427012920379639,5.45570182800293,2.830090045928955,15638366,0.0,0.0
2011-06-17,5.355289936065674,5.369635105133057,5.221407890319824,5.254878997802734,2.725916624069214,22682794,0.0,0.0
2011-06-20,5.240533828735352,5.302693843841553,5.144904136657715,5.144904136657715,2.6688671112060547,22754320,0.0,0.0
2011-06-21,5.216626167297363,5.264441967010498,5.140121936798096,5.154467105865479,2.673828363418579,21207946,0.0,0.0
2011-06-22,5.164030075073242,5.168810844421387,4.944079875946045,5.030148029327393,2.6093392372131348,28975368,0.0,0.0
2011-06-23,5.058836936950684,5.106651782989502,5.006239891052246,5.020585060119629,2.604378461837769,23281977,0.0,0.0
2011-06-24,4.963205814361572,5.039710998535156,4.90582799911499,4.972768783569336,2.579573392868042,21351206,0.0,0.0
2011-06-27,5.025365829467773,5.116215229034424,5.001459121704102,5.087525844573975,2.639103651046753,21612003,0.0,0.0
2011-06-28,5.125778198242188,5.164030075073242,5.077962875366211,5.087525844573975,2.639103651046753,14244455,0.0,0.0
2011-06-29,5.106651782989502,5.235752105712891,5.101870059967041,5.1831560134887695,2.688710927963257,16415945,0.0,0.0
2011-06-30,5.187936782836914,5.245315074920654,5.164030075073242,5.187936782836914,2.691190242767334,10934203,0.0,0.0
2011-07-01,5.159247875213623,5.159247875213623,5.054055213928223,5.077962875366211,2.634143114089966,5577,0.0,0.0
2011-07-04,5.068399906158447,5.082744121551514,4.958425045013428,5.011022090911865,2.599418878555298,16838615,0.0,0.0
2011-07-05,4.953642845153809,4.987113952636719,4.877139091491699,4.901047229766846,2.542370319366455,16090943,0.0,0.0
2011-07-06,4.915390968322754,4.967988014221191,4.886702060699463,4.901047229766846,2.542370319366455,22381425,0.0,0.0
2011-07-07,4.853231906890869,4.967988014221191,4.795854091644287,4.90582799911499,2.544849395751953,7602,0.0,0.0
2011-07-08,5.039710998535156,5.054055213928223,4.88192081451416,4.934516906738281,2.5597312450408936,15326749,0.0,0.0
2011-07-11,4.877139091491699,4.877139091491699,4.609375,4.676315784454346,2.425792694091797,39438381,0.0,0.0
2011-07-12,4.685879230499268,4.719348907470703,4.523307800292969,4.599812030792236,2.386106252670288,38561462,0.0,0.0
2011-07-13,4.494617938995361,4.532870769500732,4.30335807800293,4.432458877563477,2.2992944717407227,35800618,0.0,0.0
2011-07-14,4.446803092956543,4.599812030792236,4.269887924194336,4.456366062164307,2.311695337295532,26734653,0.0,0.0
2011-07-15,4.236416816711426,4.2794508934021,3.8778040409088135,3.968652009963989,2.0586986541748047,83830220,0.0,0.0
2011-07-18,4.040375232696533,4.231635093688965,3.968652009963989,4.231635093688965,2.195119380950928,66911713,0.0,0.0
2011-07-19,4.112098217010498,4.226853847503662,4.035593986511231,4.155130863189697,2.174598455429077,37700227,0.037296,0.0
2011-07-20,4.183819770812988,4.33682918548584,4.150350093841553,4.298576831817627,2.249671220779419,33248495,0.0,0.0
2011-07-21,4.317702770233154,4.4037699699401855,4.265106201171875,4.365518093109131,2.2847068309783936,25873209,0.0,0.0
2011-07-22,4.422895908355713,4.494617938995361,4.394207000732422,4.494617938995361,2.352271318435669,23977574,0.0,0.0
2011-07-25,4.413332939147949,4.44202184677124,4.351172924041748,4.44202184677124,2.324744462966919,18794273,0.0,0.0
2011-07-26,4.427677154541016,4.5854668617248535,4.413332939147949,4.5854668617248535,2.3998169898986816,30052015,0.0,0.0
2011-07-27,4.422895908355713,4.437240123748779,4.260324954986572,4.355955123901367,2.2797017097473145,28105350,0.0,0.0
2011-07-28,4.269887924194336,4.351172924041748,4.2125091552734375,4.255543231964111,2.2271499633789062,21876773,0.0,0.0
2011-07-29,4.317702770233154,4.317702770233154,4.140787124633789,4.150350093841553,2.1720967292785645,21571430,0.0,0.0
2011-08-01,4.159913063049316,4.19338321685791,4.011685848236084,4.19338321685791,2.194618463516236,26932080,0.0,0.0
2011-08-02,4.183819770812988,4.222072124481201,4.069064140319824,4.2125091552734375,2.204628229141236,26506273,0.0,0.0
2011-08-03,4.19338321685791,4.322484016418457,4.140787124633789,4.231635093688965,2.214637517929077,33124685,0.0,0.0
2011-08-04,4.198164939880371,4.317702770233154,4.140787124633789,4.293795108795166,2.2471694946289062,18549581,0.0,0.0
2011-08-05,4.332046985626221,4.456366062164307,4.308139801025391,4.44202184677124,2.324744462966919,38712669,0.0,0.0
2011-08-08,4.375081062316895,4.508963108062744,4.375081062316895,4.4707112312316895,2.3397586345672607,22725040,0.0,0.0
2011-08-09,4.523307800292969,4.595029830932617,4.504181861877441,4.580686092376709,2.3973162174224854,28505223,0.0,0.0
2011-08-10,4.681097030639648,4.8723578453063965,4.681097030639648,4.834105968475342,2.533644914627075,37905183,0.006694,0.0
2011-08-11,4.757602214813232,4.771945953369141,4.63328218460083,4.714568138122559,2.4709949493408203,30164950,0.0,0.0
2011-08-12,4.599812030792236,4.6141557693481445,4.494617938995361,4.542434215545654,2.3807740211486816,12442514,0.0,0.0
2011-08-15,4.437240123748779,4.657189846038818,4.413332939147949,4.657189846038818,2.4409191608428955,25328193,0.0,0.0
2011-08-16,4.733694076538086,4.771945953369141,4.681097030639648,4.705005168914795,2.4659812450408936,23806916,0.0,0.0
2011-08-17,4.647626876831055,4.676315784454346,4.494617938995361,4.5567779541015625,2.3882927894592285,20651009,0.0,0.0
2011-08-18,4.494617938995361,4.4994001388549805,4.346392154693604,4.475492000579834,2.345689296722412,25678292,0.0,0.0
2011-08-19,4.518526077270508,4.532870769500732,4.379861831665039,4.422895908355713,2.318121910095215,19809434,0.0,0.0
2011-08-22,4.451584815979004,4.532870769500732,4.346392154693604,4.494617938995361,2.355713367462158,16981248,0.0,0.0
2011-08-23,4.532870769500732,4.609375,4.508963108062744,4.566340923309326,2.3933045864105225,16175226,0.0,0.0
2011-08-24,4.580686092376709,4.638063907623291,4.513744831085205,4.599812030792236,2.410846471786499,15966296,0.0,0.0
2011-08-25,4.4994001388549805,4.604592800140381,4.46592903137207,4.604592800140381,2.4133522510528564,18135904,0.0,0.0
2011-08-26,4.590249061584473,4.671534061431885,4.542434215545654,4.57590389251709,2.398315906524658,13544049,0.0,0.0
2011-08-29,4.599812030792236,4.676315784454346,4.532870769500732,4.561560153961182,2.390798568725586,15727041,0.0,0.0
2011-08-30,4.360735893249512,4.451584815979004,4.308139801025391,4.355955123901367,2.2830374240875244,22343362,0.0,0.0
2011-08-31,4.355955123901367,4.413332939147949,4.269887924194336,4.332046985626221,2.270508050918579,20191112,0.0,0.0
2011-09-01,4.398987770080566,4.422895908355713,4.2459797859191895,4.394207000732422,2.303086757659912,17670779,0.0,0.0
2011-09-02,4.4707112312316895,4.652408123016357,4.4707112312316895,4.571123123168945,2.3958096504211426,24894439,0.0,0.0
2011-09-05,4.590249061584473,4.695442199707031,4.542434215545654,4.542434215545654,2.3807740211486816,17912753,0.0,0.0
2011-09-06,4.609375,4.676315784454346,4.504181861877441,4.571123123168945,2.3958096504211426,19147718,0.0,0.0
2011-09-07,4.508963108062744,4.561560153961182,4.451584815979004,4.5567779541015625,2.3882927894592285,22473655,0.0,0.0
2011-09-08,4.494617938995361,4.542434215545654,4.408551216125488,4.4707112312316895,2.3431828022003174,22728177,0.0,0.0
2011-09-09,4.422895908355713,4.432458877563477,4.2794508934021,4.384644031524658,2.298073530197144,35835962,0.0,0.0
2011-09-12,4.394207000732422,4.475492000579834,4.355955123901367,4.46592903137207,2.340676784515381,20944222,0.0,0.0
2011-09-13,4.528089046478272,4.580686092376709,4.494617938995361,4.561560153961182,2.390798568725586,24675889,0.0,0.0
2011-09-14,4.590249061584473,4.6141557693481445,4.418114185333252,4.485054969787598,2.3507020473480225,19589838,0.0,0.0
2011-09-15,4.523307800292969,4.700222969055176,4.518526077270508,4.676315784454346,2.4509456157684326,17064694,0.0,0.0
2011-09-16,4.647626876831055,4.810197830200195,4.618937969207764,4.771945953369141,2.501065969467163,26186290,0.0,0.0
2011-09-19,4.829323768615723,4.862794876098633,4.757602214813232,4.834105968475342,2.533644914627075,28303195,0.0,0.0
2011-09-20,4.853231906890869,4.90582799911499,4.810197830200195,4.877139091491699,2.556199073791504,13579811,0.0,0.0
2011-09-21,4.805417060852051,4.862794876098633,4.77672815322876,4.862794876098633,2.5486819744110107,14819169,0.0,0.0
2011-09-22,4.805417060852051,4.862794876098633,4.77672815322876,4.862794876098633,2.5486819744110107,14819169,0.0,0.0
2011-09-23,4.90582799911499,4.9918951988220215,4.8388872146606445,4.977550983428955,2.6088266372680664,22500007,0.0,0.0
2011-09-26,4.948862075805664,5.001459121704102,4.829323768615723,4.9392991065979,2.588778018951416,17004253,0.0,0.0
2011-09-27,4.972768783569336,5.054055213928223,4.963205814361572,4.987113952636719,2.6138386726379395,15793547,0.0,0.0
2011-09-28,5.01580286026001,5.154467105865479,5.001459121704102,5.092307090759277,2.668973684310913,19271528,0.0,0.0
2011-09-29,5.092307090759277,5.092307090759277,5.092307090759277,5.092307090759277,2.668973684310913,0,0.0,0.0
2011-09-30,5.092307090759277,5.092307090759277,5.092307090759277,5.092307090759277,2.668973684310913,0,0.0,0.0
2011-10-03,5.092307090759277,5.092307090759277,5.092307090759277,5.092307090759277,2.668973684310913,0,0.0,0.0
2011-10-04,5.259659767150879,5.293130874633789,5.164030075073242,5.202281951904297,2.726612091064453,27363324,0.0,0.0
2011-10-05,5.1831560134887695,5.230970859527588,5.130558967590332,5.164030075073242,2.7065646648406982,21037080,0.0,0.0
2011-10-06,4.901047229766846,5.04927396774292,4.901047229766846,5.039710998535156,2.641407489776612,32352125,0.0,0.0
2011-10-07,5.120995998382568,5.149684906005859,5.039710998535156,5.082744121551514,2.6639604568481445,24677562,0.0,0.0
2011-10-10,5.020585060119629,5.120995998382568,4.9918951988220215,5.101870059967041,2.673985242843628,12377471,0.0,0.0
2011-10-11,5.106651782989502,5.187936782836914,5.087525844573975,5.125778198242188,2.6865158081054688,13350595,0.0,0.0
2011-10-12,5.173593044281006,5.197500228881836,5.044491767883301,5.116215229034424,2.681504011154175,16255535,0.0,0.0
2011-10-13,4.996676921844482,5.034928798675537,4.9392991065979,5.006239891052246,2.623863220214844,24544131,0.0,0.0
2011-10-14,5.006239891052246,5.006239891052246,5.006239891052246,5.006239891052246,2.623863220214844,0,0.0,0.0
2011-10-17,4.996676921844482,5.044491767883301,4.967988014221191,5.011022090911865,2.626370906829834,12830885,0.0,0.0
2011-10-18,5.020585060119629,5.125778198242188,4.987113952636719,5.034928798675537,2.638899326324463,14316817,0.0,0.0
2011-10-19,5.011022090911865,5.063618183135986,4.963205814361572,5.058836936950684,2.6514313220977783,23070747,0.0,0.0
2011-10-20,5.001459121704102,5.01580286026001,4.848450183868408,4.867576122283936,2.5511891841888428,24561490,0.0,0.0
2011-10-21,4.901047229766846,4.924953937530518,4.767165184020996,4.814980030059815,2.523620843887329,15357911,0.0,0.0
2011-10-24,4.814980030059815,4.814980030059815,4.814980030059815,4.814980030059815,2.523620843887329,0,0.0,0.0
2011-10-25,4.771945953369141,4.791071891784668,4.681097030639648,4.70978593826294,2.4684860706329346,21770321,0.0,0.0
2011-10-26,4.676315784454346,4.700222969055176,4.623719215393066,4.623719215393066,2.423377513885498,12776090,0.0,0.0
2011-10-27,4.666752815246582,4.705005168914795,4.571123123168945,4.676315784454346,2.4509456157684326,7945816,0.0,0.0
2011-10-28,4.623719215393066,4.705005168914795,4.599812030792236,4.652408123016357,2.438413143157959,8327286,0.0,0.0
2011-10-31,4.733694076538086,4.810197830200195,4.728911876678467,4.771945953369141,2.501065969467163,14128592,0.0,0.0
2011-11-01,4.786291122436523,4.867576122283936,4.719348907470703,4.719348907470703,2.4734983444213867,21261486,0.0,0.0
2011-11-02,4.819760799407959,5.044491767883301,4.77672815322876,5.044491767883301,2.643912076950073,45040796,0.0,0.0
2011-11-03,5.116215229034424,5.230970859527588,5.07318115234375,5.173593044281006,2.7151784896850586,43275454,0.006694,0.0
2011-11-04,5.250096797943115,5.302693843841553,5.154467105865479,5.216626167297363,2.7377634048461914,26192983,0.0,0.0
2011-11-07,5.274004936218262,5.374415874481201,5.250096797943115,5.326601028442383,2.7954816818237305,31455965,0.0,0.0
2011-11-08,5.2787861824035645,5.374415874481201,5.240533828735352,5.360072135925293,2.813046932220459,14097430,0.0,0.0
2011-11-09,5.32181978225708,5.398324012756348,5.297912120819092,5.355289936065674,2.8105368614196777,12675494,0.0,0.0
2011-11-10,5.37919807434082,5.422231197357178,5.269223213195801,5.326601028442383,2.7954816818237305,26727960,0.0,0.0
2011-11-11,5.34572696685791,5.412668228149414,5.317038059234619,5.374415874481201,2.820574760437012,18532013,0.0,0.0
2011-11-14,5.374415874481201,5.374415874481201,5.374415874481201,5.374415874481201,2.820574760437012,0,0.0,0.0
2011-11-15,5.360072135925293,5.369635105133057,5.269223213195801,5.331383228302002,2.7979915142059326,24309895,0.0,0.0
2011-11-16,5.307475090026856,5.37919807434082,5.283567905426025,5.297912120819092,2.780424356460572,37014879,0.0,0.0
2011-11-17,5.331383228302002,5.37919807434082,5.254878997802734,5.302693843841553,2.782932996749878,25902280,0.0,0.0
2011-11-18,5.312256813049316,5.331383228302002,5.235752105712891,5.259659767150879,2.760348081588745,22885241,0.0,0.0
2011-11-21,5.264441967010498,5.3361639976501465,5.187936782836914,5.187936782836914,2.722706317901612,19783710,0.0,0.0
2011-11-22,5.259659767150879,5.374415874481201,5.240533828735352,5.331383228302002,2.7979915142059326,23943484,0.0,0.0
2011-11-23,5.283567905426025,5.3361639976501465,5.264441967010498,5.326601028442383,2.7954816818237305,16890900,0.0,0.0
2011-11-24,5.340946197509766,5.470046043395996,5.317038059234619,5.422231197357178,2.8456685543060303,16182128,0.0,0.0
2011-11-25,5.422231197357178,5.503517150878906,5.422231197357178,5.474827766418457,2.873272180557251,10905970,0.0,0.0
2011-11-28,5.489171981811523,5.503517150878906,5.436575889587402,5.450920104980469,2.8851664066314697,5313175,0.046381,0.0
2011-11-29,5.398324012756348,5.412668228149414,5.355289936065674,5.388761043548584,2.887728691101074,10854940,0.066941,0.0
2011-11-30,5.388761043548584,5.388761043548584,5.235752105712891,5.288349151611328,2.833921432495117,11277819,0.0,0.0
2011-12-01,5.302693843841553,5.3935418128967285,5.254878997802734,5.3935418128967285,2.890289783477783,12767516,0.0,0.0
2011-12-02,5.427012920379639,5.427012920379639,5.283567905426025,5.326601028442383,2.854419946670532,9216963,0.0,0.0
2011-12-05,5.350509166717529,5.498735904693604,5.326601028442383,5.484391212463379,2.93897557258606,20847391,0.0,0.0
2011-12-06,5.465264797210693,5.536987781524658,5.403104782104492,5.493954181671143,2.944100141525269,17338248,0.0,0.0
2011-12-07,5.45570182800293,5.522643089294434,5.360072135925293,5.470046043395996,2.931288719177246,16258672,0.0,0.0
2011-12-08,5.489171981811523,5.54655122756958,5.441357135772705,5.498735904693604,2.946662187576294,11618297,0.0,0.0
2011-12-09,5.51308012008667,5.570457935333252,5.465264797210693,5.536987781524658,2.967161178588867,17515598,0.0,0.0
2011-12-12,5.589583873748779,5.64696216583252,5.575240135192871,5.6230549812316895,3.013284921646118,18354663,0.0,0.0
2011-12-13,5.594366073608398,5.627836227416992,5.575240135192871,5.61827278137207,3.01072096824646,10923537,0.0,0.0
2011-12-14,5.637399196624756,5.685214042663574,5.560894966125488,5.608709812164307,3.0055949687957764,8140316,0.0,0.0
2011-12-15,5.608709812164307,5.64696216583252,5.522643089294434,5.570457935333252,2.985097646713257,27482534,0.0,0.0
2011-12-16,5.570457935333252,5.570457935333252,5.570457935333252,5.570457935333252,2.985097646713257,0,0.0,0.0
2011-12-19,5.570457935333252,5.570457935333252,5.570457935333252,5.570457935333252,2.985097646713257,0,0.0,0.0
2011-12-20,5.594366073608398,5.737811088562012,5.575240135192871,5.737811088562012,3.0747780799865723,25407875,0.0,0.0
2011-12-21,5.737811088562012,5.761719226837158,5.685214042663574,5.761719226837158,3.0875909328460693,18544143,0.0,0.0
2011-12-22,5.752155780792236,5.809534072875977,5.704339981079102,5.756937026977539,3.0850279331207275,17007808,0.0,0.0
2011-12-23,5.756937026977539,5.766499996185303,5.632617950439453,5.685214042663574,3.0465919971466064,21124918,0.0,0.0
2011-12-27,5.6517438888549805,5.689995765686035,5.565677165985107,5.594366073608398,2.997909545898437,15244348,0.0,0.0
2011-12-28,5.685214042663574,5.699559211730957,5.594366073608398,5.642180919647217,3.02353310585022,22037391,0.0,0.0
2011-12-29,5.642180919647217,5.6756510734558105,5.560894966125488,5.575240135192871,2.9876585006713867,28603519,0.0,0.0
2011-12-30,5.522643089294434,5.532206058502197,5.431794166564941,5.517861843109131,2.9569122791290283,22819780,0.0,0.0
2012-01-02,5.54655122756958,5.54655122756958,5.383978843688965,5.470046043395996,2.931288719177246,33079929,0.0,0.0
2012-01-03,5.508298873901367,5.575240135192871,5.403104782104492,5.575240135192871,2.9876585006713867,26407559,0.0,0.0
2012-01-04,5.54655122756958,5.594366073608398,5.474827766418457,5.594366073608398,2.997909545898437,25205429,0.0,0.0
2012-01-05,5.522643089294434,5.632617950439453,5.498735904693604,5.608709812164307,3.0055949687957764,25030170,0.0,0.0
2012-01-06,5.565677165985107,5.61827278137207,5.551331996917725,5.61827278137207,3.01072096824646,14295485,0.0,0.0
2012-01-09,5.575240135192871,5.6756510734558105,5.536987781524658,5.6756510734558105,3.041468620300293,19621627,0.0,0.0
2012-01-10,5.6756510734558105,5.78562593460083,5.6756510734558105,5.78562593460083,3.10040283203125,24299857,0.0,0.0
2012-01-11,5.752155780792236,5.809534072875977,5.699559211730957,5.761719226837158,3.0875909328460693,16764370,0.0,0.0
2012-01-12,5.594366073608398,5.718685150146484,5.556114196777344,5.680432796478272,3.044029951095581,19916722,0.0,0.0
2012-01-13,5.680432796478272,5.680432796478272,5.680432796478272,5.680432796478272,3.044029951095581,0,0.0,0.0
2012-01-16,5.833440780639648,5.833440780639648,5.723465919494629,5.771282196044922,3.09271502494812,15161948,0.0,0.0
2012-01-17,5.84300422668457,5.84300422668457,5.689995765686035,5.704339981079102,3.0568418502807617,21757563,0.0,0.0
2012-01-18,5.64696216583252,5.713902950286865,5.603929042816162,5.704339981079102,3.0568418502807617,21349742,0.0,0.0
2012-01-19,5.728248119354248,5.747374057769775,5.656525135040283,5.737811088562012,3.0747780799865723,13633142,0.0,0.0
2012-01-20,5.656525135040283,5.704339981079102,5.61827278137207,5.656525135040283,3.031217575073242,11773687,0.0,0.0
2012-01-23,5.6756510734558105,5.694777011871338,5.608709812164307,5.632617950439453,3.018408298492432,10031978,0.0,0.0
2012-01-24,5.613492012023926,5.6230549812316895,5.556114196777344,5.589583873748779,2.9953463077545166,10075060,0.0,0.0
2012-01-25,5.599146842956543,5.728248119354248,5.594366073608398,5.709122180938721,3.0594046115875244,11195000,0.0,0.0
2012-01-26,5.728248119354248,5.790408134460449,5.704339981079102,5.737811088562012,3.0747780799865723,14756427,0.0,0.0
2012-01-27,5.713902950286865,5.866911888122559,5.694777011871338,5.833440780639648,3.164979934692383,17013246,0.070623,0.0
2012-01-30,5.838222980499268,5.9625420570373535,5.81909704208374,5.914727210998535,3.2090835571289062,15555547,0.0,0.0
2012-01-31,5.866911888122559,5.89560079574585,5.776062965393066,5.852567195892334,3.175358533859253,15067835,0.0,0.0
2012-02-01,5.737811088562012,5.756937026977539,5.642180919647217,5.685214042663574,3.0845580101013184,17780577,0.0,0.0
2012-02-02,5.728248119354248,5.78562593460083,5.680432796478272,5.776062965393066,3.1338493824005127,19526887,0.0,0.0
2012-02-03,5.833440780639648,5.957759857177734,5.823877811431885,5.914727210998535,3.2090835571289062,18977061,0.0,0.0
2012-02-06,5.914727210998535,6.034265041351318,5.89560079574585,5.972105026245117,3.240213632583618,16054971,0.0,0.0
2012-02-07,5.929070949554443,5.9625420570373535,5.857348918914795,5.89560079574585,3.198705673217773,17622677,0.0,0.0
2012-02-08,5.914727210998535,5.9912309646606445,5.909945011138916,5.95297908782959,3.2298388481140137,20691582,0.0,0.0
2012-02-09,5.933853149414063,6.000793933868408,5.924290180206299,5.976885795593262,3.2428083419799805,10914544,0.0,0.0
2012-02-10,5.91950798034668,6.015139102935791,5.890819072723389,5.986448764801025,3.2479965686798096,13786441,0.0,0.0
2012-02-13,5.996013164520264,6.043828010559082,5.9625420570373535,6.015139102935791,3.2635586261749268,10499194,0.0,0.0
2012-02-14,6.015139102935791,6.015139102935791,6.015139102935791,6.015139102935791,3.2635586261749268,0,0.0,0.0
2012-02-15,5.909945011138916,5.9625420570373535,5.866911888122559,5.909945011138916,3.206489086151123,11823044,0.0,0.0
2012-02-16,5.890819072723389,5.914727210998535,5.833440780639648,5.852567195892334,3.175358533859253,10058538,0.0,0.0
2012-02-17,5.890819072723389,5.914727210998535,5.833440780639648,5.852567195892334,3.175358533859253,10058538,0.0,0.0
2012-02-20,5.694777011871338,5.694777011871338,5.594366073608398,5.637399196624756,3.0586159229278564,29677029,0.0,0.0
2012-02-21,5.666088104248047,5.723465919494629,5.64696216583252,5.718685150146484,3.1027190685272217,17253965,0.0,0.0
2012-02-22,5.728248119354248,5.790408134460449,5.689995765686035,5.733028888702393,3.110501527786255,17783505,0.0,0.0
2012-02-23,5.723465919494629,5.723465919494629,5.54655122756958,5.584803104400635,3.030079126358032,18310117,0.0,0.0
2012-02-24,5.565677165985107,5.565677165985107,5.427012920379639,5.498735904693604,2.9833829402923584,22174796,0.0,0.0
2012-02-27,5.536987781524658,5.54655122756958,5.350509166717529,5.37919807434082,2.918527126312256,30144245,0.0,0.0
2012-02-28,5.3935418128967285,5.47960901260376,5.369635105133057,5.427012920379639,2.944469690322876,24597462,0.0,0.0
2012-02-29,5.436575889587402,5.460483074188232,5.317038059234619,5.374415874481201,2.915931701660156,25698578,0.0,0.0
2012-03-01,5.331383228302002,5.331383228302002,5.192718982696533,5.192718982696533,2.817351818084717,22536606,0.0,0.0
2012-03-02,5.202281951904297,5.221407890319824,5.082744121551514,5.116215229034424,2.7758448123931885,17584823,0.0,0.0
2012-03-05,5.058836936950684,5.082744121551514,5.006239891052246,5.058836936950684,2.74471378326416,19596949,0.0,0.0
2012-03-06,5.058836936950684,5.135341167449951,4.867576122283936,4.948862075805664,2.685044288635254,30337908,0.0,0.0
2012-03-07,5.001459121704102,5.034928798675537,4.915390968322754,4.915390968322754,2.6668848991394043,31409118,0.0,0.0
2012-03-08,4.967988014221191,5.116215229034424,4.90582799911499,5.116215229034424,2.7758448123931885,28346278,0.0,0.0
2012-03-09,5.068399906158447,5.082744121551514,4.929736137390137,4.929736137390137,2.674668788909912,20885663,0.0,0.0
2012-03-12,4.963205814361572,4.996676921844482,4.877139091491699,4.920173168182373,2.6694812774658203,20316178,0.0,0.0
2012-03-13,4.972768783569336,4.987113952636719,4.88192081451416,4.920173168182373,2.6694812774658203,21750034,0.0,0.0
2012-03-14,4.915390968322754,4.958425045013428,4.829323768615723,4.877139091491699,2.646132469177246,37071765,0.0,0.0
2012-03-15,4.858013153076172,4.944079875946045,4.8388872146606445,4.920173168182373,2.6694812774658203,13404344,0.0,0.0
2012-03-16,4.953642845153809,5.087525844573975,4.953642845153809,5.020585060119629,2.723958969116211,33606332,0.0,0.0
2012-03-19,4.948862075805664,4.958425045013428,4.8723578453063965,4.944079875946045,2.682449579238892,12847825,0.0,0.0
2012-03-20,4.90582799911499,5.001459121704102,4.848450183868408,4.896265029907227,2.656508684158325,17909406,0.0,0.0
2012-03-21,4.757602214813232,4.781508922576904,4.599812030792236,4.618937969207764,2.506042718887329,59270612,0.0,0.0
2012-03-22,4.604592800140381,4.671534061431885,4.504181861877441,4.642845153808594,2.5190134048461914,34323260,0.0,0.0
2012-03-23,4.703921794891357,4.730258941650391,4.651246070861816,4.667048931121826,2.532144546508789,30638721,0.0,1.1
2012-03-26,4.661780834197998,4.77239990234375,4.640710830688477,4.77239990234375,2.589303970336914,16940892,0.0,0.0
2012-03-27,4.661780834197998,4.77239990234375,4.640710830688477,4.77239990234375,2.589303970336914,16940892,0.0,0.0
2012-03-28,4.661780834197998,4.677584171295166,4.509022235870361,4.6565141677856445,2.526428937911988,21800647,0.0,0.0
2012-03-29,4.677584171295166,4.688118934631348,4.50375509262085,4.593303203582764,2.492133855819702,42518248,0.0,0.0
2012-03-30,4.577499866485596,4.624907970428467,4.48795223236084,4.614373207092285,2.503566026687622,25263927,0.0,0.0
2012-04-02,4.561697959899902,4.651246070861816,4.524825096130371,4.635444164276123,2.5149967670440674,38226499,0.0,0.0
2012-04-03,4.572233200073242,4.603837966918945,4.519556999206543,4.556429862976074,2.4721271991729736,18518666,0.0,0.0
2012-04-04,4.593303203582764,4.709188938140869,4.540627956390381,4.551163196563721,2.4692702293396,19333276,0.0,0.0
2012-04-10,4.48795223236084,4.661780834197998,4.482685089111328,4.630176067352295,2.5121395587921143,17187876,0.0,0.0
2012-04-11,4.572233200073242,4.572233200073242,4.46161413192749,4.46161413192749,2.420684814453125,32841643,0.0,0.0
2012-04-12,4.4563469886779785,4.588036060333252,4.440544128417969,4.466882228851318,2.4235434532165527,33417622,0.0,0.0
2012-04-13,4.466882228851318,4.466882228851318,4.466882228851318,4.466882228851318,2.4235434532165527,0,0.0,0.0
2012-04-16,4.372066020965576,4.398404121398926,4.2087721824646,4.224575042724609,2.292076349258423,19817562,0.0,0.0
2012-04-17,4.245645046234131,4.361530780792236,4.229842185974121,4.303587913513184,2.334946870803833,32604721,0.0,0.0
2012-04-18,4.303587913513184,4.303587913513184,4.303587913513184,4.303587913513184,2.334946870803833,0,0.0,0.0
2012-04-19,4.535359859466553,4.556429862976074,4.4563469886779785,4.48795223236084,2.4349756240844727,28061432,0.0,0.0
2012-04-20,4.466882228851318,4.49321985244751,4.261446952819824,4.466882228851318,2.4235434532165527,28483640,0.0,0.0
2012-04-23,4.472148895263672,4.472148895263672,4.319390773773193,4.403670787811279,2.389247179031372,21117407,0.0,0.0
2012-04-24,4.387868881225586,4.49321985244751,4.372066020965576,4.466882228851318,2.4235434532165527,14608309,0.0,0.0
2012-04-25,4.50375509262085,4.514289855957031,4.4563469886779785,4.4774169921875,2.4292590618133545,16390352,0.0,0.0
2012-04-26,4.4774169921875,4.519556999206543,4.408938884735107,4.435276985168457,2.406395435333252,18186253,0.0,0.0
2012-04-27,4.372066020965576,4.419474124908447,4.324657917022705,4.372066020965576,2.372100591659546,14938823,0.0,0.0
2012-04-30,4.393136024475098,4.640710830688477,4.361530780792236,4.640710830688477,2.517854928970337,33732570,0.0,0.0
2012-05-02,4.50375509262085,4.603837966918945,4.45107889175415,4.45107889175415,2.4190866947174072,22776432,0.007901,0.0
2012-05-03,4.45107889175415,4.514289855957031,4.403670787811279,4.403670787811279,2.393321990966797,16371747,0.0,0.0
2012-05-04,4.445812225341797,4.4774169921875,4.335193157196045,4.335193157196045,2.35610580444336,15323442,0.0,0.0
2012-05-07,4.366797924041748,4.551163196563721,4.287785053253174,4.551163196563721,2.4734814167022705,17929018,0.0,0.0
2012-05-08,4.482685089111328,4.566965103149414,4.4563469886779785,4.524825096130371,2.459168195724488,13889758,0.0,0.0
2012-05-09,4.556429862976074,4.614373207092285,4.50375509262085,4.545895099639893,2.470618724822998,15310912,0.0,0.0
2012-05-10,4.540627956390381,4.640710830688477,4.540627956390381,4.640710830688477,2.522148609161377,12678379,0.0,0.0
2012-05-11,4.582767963409424,4.693387031555176,4.551163196563721,4.667048931121826,2.536463022232056,20833404,0.0,0.0
2012-05-14,4.667048931121826,4.709188938140869,4.603837966918945,4.672316074371338,2.539325475692749,15708061,0.0,0.0
2012-05-15,4.68285083770752,4.735527038574219,4.624907970428467,4.735527038574219,2.5736799240112305,23563326,0.0,0.0
2012-05-16,4.735527038574219,4.735527038574219,4.735527038574219,4.735527038574219,2.5736799240112305,0,0.0,0.0
2012-05-18,4.740795135498047,4.819808006286621,4.709188938140869,4.814539909362793,2.6166226863861084,22950897,0.0,0.0
2012-05-21,4.788201808929443,4.804005146026611,4.645978927612305,4.735527038574219,2.5736799240112305,19236267,0.0,0.0
2012-05-22,4.740795135498047,4.740795135498047,4.530093193054199,4.530093193054199,2.46203088760376,17429734,0.0,0.0
2012-05-23,4.540627956390381,4.561697959899902,4.398404121398926,4.45107889175415,2.4190866947174072,15332365,0.0,0.0
2012-05-24,4.398404121398926,4.414206027984619,4.250912189483643,4.261446952819824,2.3160245418548584,15098290,0.0,0.0
2012-05-25,4.287785053253174,4.324657917022705,4.235109806060791,4.277249813079834,2.324613094329834,16494005,0.0,0.0
2012-05-29,4.293053150177002,4.403670787811279,4.261446952819824,4.319390773773193,2.347517967224121,13077806,0.0,0.0
2012-05-30,4.298319816589356,4.340460777282715,4.2140398025512695,4.266715049743652,2.318888187408448,17306147,0.0,0.0
2012-05-31,4.377334117889404,4.4774169921875,4.356263160705566,4.4774169921875,2.433401107788086,21607768,0.0,0.0
2012-06-01,4.4563469886779785,4.482685089111328,4.398404121398926,4.482685089111328,2.436265468597412,11425045,0.0,0.0
2012-06-04,4.514289855957031,4.667048931121826,4.4774169921875,4.593303203582764,2.496384620666504,19415857,0.0,0.0
2012-06-05,4.577499866485596,4.640710830688477,4.551163196563721,4.624907970428467,2.5135602951049805,6696851,0.0,0.0
2012-06-06,4.640710830688477,4.75659704208374,4.603837966918945,4.672316074371338,2.539325475692749,16735294,0.0,0.0
2012-06-07,4.624907970428467,4.630176067352295,4.545895099639893,4.630176067352295,2.5164248943328857,16150392,0.0,0.0
2012-06-08,4.624907970428467,4.6565141677856445,4.382600784301758,4.382600784301758,2.381870985031128,22014978,0.0,0.0
2012-06-11,4.398404121398926,4.509022235870361,4.335193157196045,4.408938884735107,2.396185874938965,23292612,0.0,0.0
2012-06-12,4.329926013946533,4.4563469886779785,4.329926013946533,4.4563469886779785,2.4219510555267334,16597469,0.0,0.0
2012-06-13,4.48795223236084,4.582767963409424,4.4563469886779785,4.582767963409424,2.4906580448150635,12184791,0.0,0.0
2012-06-14,4.582767963409424,4.582767963409424,4.582767963409424,4.582767963409424,2.4906580448150635,0,0.0,0.0
2012-06-15,4.572233200073242,4.598570823669434,4.466882228851318,4.4984869956970215,2.4448533058166504,19162608,0.0,0.0
2012-06-18,4.50375509262085,4.630176067352295,4.45107889175415,4.630176067352295,2.5164248943328857,12056458,0.0,0.0
2012-06-19,4.640710830688477,4.724991798400879,4.640710830688477,4.724991798400879,2.567954540252685,13776613,0.0,0.0
2012-06-20,4.651246070861816,4.709188938140869,4.635444164276123,4.677584171295166,2.542189598083496,16553615,0.0,0.0
2012-06-21,4.598570823669434,4.630176067352295,4.482685089111328,4.545895099639893,2.470618724822998,15334453,0.0,0.0
2012-06-22,4.551163196563721,4.724991798400879,4.551163196563721,4.724991798400879,2.567954540252685,22614118,0.0,0.0
2012-06-25,4.730258941650391,4.761865139007568,4.688118934631348,4.740795135498047,2.576542854309082,17435240,0.0,0.0
2012-06-26,4.788201808929443,4.898820877075195,4.767131805419922,4.888286113739014,2.6567015647888184,23746903,0.0,0.0
2012-06-27,4.935694217681885,5.162199020385742,4.904088973999023,5.109522819519043,2.77694034576416,32172072,0.0,0.0
2012-06-28,5.083185195922852,5.214873790740967,5.046311855316162,5.214873790740967,2.8341970443725586,17636472,0.0,0.0
2012-06-29,5.220141887664795,5.235943794250488,5.004171848297119,5.06211519241333,2.751175880432129,25628802,0.0,0.0
2012-07-02,5.056848049163818,5.109522819519043,4.951497077941895,5.041045188903809,2.739724636077881,15836964,0.0,0.0
2012-07-03,4.9936370849609375,5.025241851806641,4.904088973999023,4.940960884094238,2.6853299140930176,16736433,0.0,0.0
2012-07-04,5.056848049163818,5.151662826538086,5.046311855316162,5.1305928230285645,2.788391590118408,24443431,0.0,0.0
2012-07-05,5.141128063201904,5.283351898193359,5.109522819519043,5.220141887664795,2.8370611667633057,16008960,0.0,0.0
2012-07-06,5.220141887664795,5.220141887664795,5.220141887664795,5.220141887664795,2.8370611667633057,0,0.0,0.0
2012-07-09,5.220141887664795,5.220141887664795,5.220141887664795,5.220141887664795,2.8370611667633057,0,0.0,0.0
2012-07-10,5.309689998626709,5.336028099060059,5.241211891174316,5.309689998626709,2.885728359222412,15997949,0.0,0.0
2012-07-11,5.309689998626709,5.336028099060059,5.241211891174316,5.309689998626709,2.885728359222412,15997949,0.0,0.0
2012-07-12,5.320224761962891,5.362364768981934,5.262281894683838,5.330760002136231,2.897179365158081,12459872,0.0,0.0
2012-07-13,5.34656286239624,5.320224761962891,5.225409030914307,5.262281894683838,2.8599624633789062,13092614,0.0,0.0
2012-07-16,5.235943794250488,5.336028099060059,5.220141887664795,5.304421901702881,2.882864236831665,19302521,0.0,0.0
2012-07-17,5.341294765472412,5.425576210021973,5.309689998626709,5.38343620300293,2.9258086681365967,17580469,0.0,0.0
2012-07-18,5.399238109588623,5.441379070281982,5.367632865905762,5.393970966339111,2.931532859802246,16243035,0.0,0.0
2012-07-19,5.388702869415283,5.441379070281982,5.325492858886719,5.37290096282959,2.920083999633789,13476283,0.0,0.0
2012-07-20,5.409772872924805,5.425576210021973,5.278085231781006,5.320224761962891,2.8914542198181152,15815701,0.0,0.0
2012-07-23,5.299155235290527,5.362364768981934,5.230677127838135,5.314957141876221,2.888592481613159,38750082,0.0,0.0
2012-07-24,5.278085231781006,5.293887138366699,5.199070930480957,5.278085231781006,2.868551015853882,16911657,0.0,0.0
2012-07-25,5.251747131347656,5.299155235290527,5.225409030914307,5.272817134857178,2.8656883239746094,22588489,0.0,0.0
2012-07-26,5.267549991607666,5.278085231781006,5.141128063201904,5.199070930480957,2.825608015060425,15447409,0.0,0.0
2012-07-27,5.178000926971436,5.209606170654297,5.151662826538086,5.188536167144775,2.819882392883301,14356579,0.0,0.0
2012-07-30,5.204339027404785,5.220141887664795,5.025241851806641,5.0673828125,2.7540395259857178,20881054,0.0,0.0
2012-07-31,5.004171848297119,5.0673828125,4.962031841278076,5.046311855316162,2.742586612701416,14493645,0.0,0.0
2012-08-01,5.120058059692383,5.120058059692383,4.904088973999023,4.925158977508545,2.67674207687378,39437309,0.0,0.0
2012-08-02,4.909356117248535,5.120058059692383,4.904088973999023,4.962031841278076,2.7011160850524902,9708498,0.007901,0.0
2012-08-03,4.946228981018066,4.962031841278076,4.846146106719971,4.872482776641846,2.6523680686950684,20052206,0.0,0.0
2012-08-06,4.904088973999023,5.120058059692383,4.830342769622803,4.904088973999023,2.669573307037353,14724872,0.0,0.0
2012-08-07,4.914624214172363,5.06211519241333,4.909356117248535,5.05157995223999,2.749861717224121,31669751,0.0,0.0
2012-08-08,5.05157995223999,5.05157995223999,5.05157995223999,5.05157995223999,2.749861717224121,0,0.0,0.0
2012-08-09,5.05157995223999,5.05157995223999,5.05157995223999,5.05157995223999,2.749861717224121,0,0.0,0.0
2012-08-10,5.05157995223999,5.05157995223999,5.05157995223999,5.05157995223999,2.749861717224121,0,0.0,0.0
2012-08-13,5.230677127838135,5.393970966339111,5.141128063201904,5.362364768981934,2.919039726257324,30027242,0.0,0.0
2012-08-14,5.362364768981934,5.362364768981934,5.362364768981934,5.362364768981934,2.919039726257324,0,0.0,0.0
2012-08-15,5.441379070281982,5.483519077301025,5.278085231781006,5.330760002136231,2.9018352031707764,34408975,0.0,0.0
2012-08-16,5.351830005645752,5.362364768981934,5.188536167144775,5.225409030914307,2.8444855213165283,23835938,0.0,0.0
2012-08-17,5.241211891174316,5.267549991607666,5.172733783721924,5.209606170654297,2.835883140563965,24948410,0.0,0.0
2012-08-20,5.167466163635254,5.193803787231445,5.109522819519043,5.172733783721924,2.8158111572265625,17992425,0.0,0.0
2012-08-21,5.220141887664795,5.246479034423828,5.167466163635254,5.220141887664795,2.8416190147399902,19857808,0.0,0.0
2012-08-22,5.204339027404785,5.272817134857178,5.104255199432373,5.204339027404785,2.833016157150269,30729845,0.0,0.0
2012-08-23,5.104255199432373,5.1305928230285645,4.867216110229492,4.888286113739014,2.660970687866211,54340063,0.0,0.0
2012-08-24,4.856680870056152,4.951497077941895,4.777667045593262,4.951497077941895,2.695379734039306,35948021,0.0,0.0
2012-08-27,4.962031841278076,4.967298984527588,4.814539909362793,4.867216110229492,2.649501323699951,32913593,0.0,0.0
2012-08-28,4.825075149536133,4.825075149536133,4.688118934631348,4.75659704208374,2.589284658432007,49585670,0.0,0.0
2012-08-29,4.735527038574219,4.819808006286621,4.714457035064697,4.819808006286621,2.6236958503723145,25811240,0.0,0.0
2012-08-30,4.7987380027771,4.851412773132324,4.761865139007568,4.809272766113281,2.617959976196289,19643477,0.0,0.0
2012-08-31,4.814539909362793,4.825075149536133,4.714457035064697,4.730258941650391,2.574947595596313,22702584,0.0,0.0
2012-09-03,4.730258941650391,4.7460618019104,4.672316074371338,4.7460618019104,2.583550214767456,27000408,0.0,0.0
2012-09-04,4.77239990234375,4.846146106719971,4.7460618019104,4.788201808929443,2.606489419937134,32374443,0.0,0.0
2012-09-05,4.77239990234375,4.809272766113281,4.703921794891357,4.7987380027771,2.61222505569458,19315810,0.0,0.0
2012-09-06,4.793469905853272,4.804005146026611,4.645978927612305,4.68285083770752,2.5491414070129395,31130411,0.0,0.0
2012-09-07,4.68285083770752,4.714457035064697,4.545895099639893,4.572233200073242,2.4889256954193115,29390893,0.0,0.0
2012-09-10,4.609106063842773,4.677584171295166,4.582767963409424,4.645978927612305,2.529069185256958,28907556,0.0,0.0
2012-09-11,4.619640827178955,4.68285083770752,4.598570823669434,4.677584171295166,2.546273946762085,35604028,0.0,0.0
2012-09-12,4.709188938140869,4.7460618019104,4.635444164276123,4.693387031555176,2.554876804351806,14555913,0.0,0.0
2012-09-13,4.703921794891357,4.709188938140869,4.530093193054199,4.672316074371338,2.5434064865112305,38033620,0.0,0.0
2012-09-14,4.635444164276123,4.688118934631348,4.588036060333252,4.688118934631348,2.5520081520080566,22426744,0.0,0.0
2012-09-17,4.672316074371338,4.672316074371338,4.582767963409424,4.661780834197998,2.537670850753784,31145029,0.0,0.0
2012-09-18,4.6565141677856445,4.6565141677856445,4.561697959899902,4.609106063842773,2.508997917175293,29436075,0.0,0.0
2012-09-19,4.524825096130371,4.530093193054199,4.430008888244629,4.46161413192749,2.4287097454071045,48861235,0.0,0.0
2012-09-20,4.46161413192749,4.677584171295166,4.46161413192749,4.667048931121826,2.5405385494232178,52943018,0.0,0.0
2012-09-21,4.698654174804688,4.77239990234375,4.651246070861816,4.730258941650391,2.574947595596313,19943237,0.0,0.0
2012-09-24,4.672316074371338,4.709188938140869,4.619640827178955,4.667048931121826,2.5405385494232178,20088845,0.0,0.0
2012-09-25,4.614373207092285,4.677584171295166,4.577499866485596,4.677584171295166,2.546273946762085,13014209,0.0,0.0
2012-09-26,4.698654174804688,4.735527038574219,4.661780834197998,4.724991798400879,2.57207989692688,12595039,0.0,0.0
2012-09-27,4.714457035064697,4.719724178314209,4.630176067352295,4.688118934631348,2.5520081520080566,22441742,0.0,0.0
2012-09-28,4.672316074371338,4.898820877075195,4.6565141677856445,4.898820877075195,2.666705846786499,31899459,0.0,0.0
2012-10-01,4.8356099128723145,4.8830180168151855,4.804005146026611,4.877750873565674,2.655235528945923,11941035,0.0,0.0
2012-10-02,4.8830180168151855,4.951497077941895,4.856680870056152,4.925158977508545,2.6810433864593506,27238659,0.0,0.0
2012-10-03,4.909356117248535,4.925158977508545,4.77239990234375,4.804005146026611,2.6150927543640137,19361752,0.0,0.0
2012-10-04,4.804005146026611,4.856680870056152,4.667048931121826,4.703921794891357,2.5606114864349365,26907385,0.0,0.0
2012-10-05,4.709188938140869,4.761865139007568,4.640710830688477,4.688118934631348,2.5520081520080566,19150838,0.0,0.0
2012-10-08,4.693387031555176,4.735527038574219,4.661780834197998,4.703921794891357,2.5606114864349365,10231701,0.0,0.0
2012-10-09,4.698654174804688,4.7987380027771,4.667048931121826,4.7987380027771,2.61222505569458,16856223,0.0,0.0
2012-10-10,4.7460618019104,4.78293514251709,4.640710830688477,4.709188938140869,2.5634782314300537,27193287,0.0,0.0
2012-10-11,4.677584171295166,4.77239990234375,4.661780834197998,4.719724178314209,2.569214344024658,16158175,0.0,0.0
2012-10-12,4.719724178314209,4.909356117248535,4.719724178314209,4.893552780151367,2.6638388633728027,19583297,0.0,0.0
2012-10-15,4.898820877075195,4.967298984527588,4.8356099128723145,4.951497077941895,2.695379734039306,19983673,0.0,0.0
2012-10-16,4.962031841278076,5.004171848297119,4.951497077941895,5.004171848297119,2.7240545749664307,12429497,0.0,0.0
2012-10-17,4.967298984527588,5.06211519241333,4.967298984527588,5.06211519241333,2.7555954456329346,16831733,0.0,0.0
2012-10-18,5.0357770919799805,5.041045188903809,4.909356117248535,4.930426120758057,2.683910131454468,15398429,0.0,0.0
2012-10-19,4.956764221191406,4.977834224700928,4.8356099128723145,4.877750873565674,2.655235528945923,16742318,0.0,0.0
2012-10-22,4.8356099128723145,4.925158977508545,4.814539909362793,4.914624214172363,2.6753077507019043,20800561,0.0,0.0
2012-10-23,4.951497077941895,5.014707088470459,4.877750873565674,5.014707088470459,2.729789018630981,19500526,0.0,0.0
2012-10-24,5.025241851806641,5.109522819519043,4.909356117248535,5.06211519241333,2.7555954456329346,38484114,0.0,0.0
2012-10-25,5.0884528160095215,5.214873790740967,5.072649955749512,5.178000926971436,2.823087215423584,32472971,0.007901,0.0
2012-10-26,5.141128063201904,5.172733783721924,5.030509948730469,5.109522819519043,2.785749673843384,14770434,0.0,0.0
2012-10-29,5.104255199432373,5.172733783721924,5.072649955749512,5.141128063201904,2.802982807159424,21927461,0.0,0.0
2012-10-30,5.156930923461914,5.156930923461914,5.019975185394287,5.072649955749512,2.765645742416382,24963597,0.0,0.0
2012-10-31,5.0673828125,5.1305928230285645,5.025241851806641,5.109522819519043,2.785749673843384,16690112,0.0,0.0
2012-11-01,5.07791805267334,5.120058059692383,5.05157995223999,5.109522819519043,2.785749673843384,14625205,0.0,0.0
2012-11-02,5.135860919952393,5.162199020385742,5.0673828125,5.141128063201904,2.802982807159424,20491499,0.0,0.0
2012-11-05,5.135860919952393,5.151662826538086,5.083185195922852,5.109522819519043,2.785749673843384,25180017,0.0,0.0
2012-11-06,5.083185195922852,5.156930923461914,5.07791805267334,5.104255199432373,2.782878875732422,21384704,0.0,0.0
2012-11-07,5.120058059692383,5.125326156616211,5.046311855316162,5.083185195922852,2.771390676498413,29771905,0.0,0.0
2012-11-08,5.083185195922852,5.104255199432373,5.046311855316162,5.05157995223999,2.7541604042053223,21255612,0.0,0.0
2012-11-09,5.05157995223999,5.104255199432373,5.030509948730469,5.083185195922852,2.771390676498413,25400613,0.0,0.0
2012-11-12,5.093719959259033,5.262281894683838,5.0673828125,5.251747131347656,2.8632912635803223,28499017,0.0,0.0
2012-11-13,5.25701379776001,5.293887138366699,5.193803787231445,5.235943794250488,2.854676485061645,17776955,0.0,0.0
2012-11-14,5.188536167144775,5.314957141876221,5.172733783721924,5.204339027404785,2.8374454975128174,23736272,0.0,0.0
2012-11-15,5.262281894683838,5.262281894683838,5.135860919952393,5.162199020385742,2.874699354171753,21692437,0.109038,0.0
2012-11-16,5.146396160125732,5.178000926971436,5.046311855316162,5.083185195922852,2.8306972980499268,19742195,0.0,0.0
2012-11-19,5.109522819519043,5.146396160125732,5.056848049163818,5.104255199432373,2.84243106842041,18454689,0.0,0.0
2012-11-20,5.172733783721924,5.293887138366699,5.172733783721924,5.283351898193359,2.9421658515930176,22369792,0.0,0.0
2012-11-21,5.278085231781006,5.467716217041016,5.246479034423828,5.451913833618164,3.036034107208252,25794154,0.0,0.0
2012-11-22,5.436110973358154,5.457180976867676,5.35709810256958,5.425576210021973,3.021368741989136,20586230,0.0,0.0
2012-11-23,5.388702869415283,5.436110973358154,5.325492858886719,5.35709810256958,2.983234643936157,29921120,0.0,0.0
2012-11-26,5.35709810256958,5.430843830108643,5.314957141876221,5.393970966339111,3.0037662982940674,31151294,0.0,0.0
2012-11-27,5.404506206512451,5.457180976867676,5.388702869415283,5.451913833618164,3.036034107208252,13767311,0.0,0.0
2012-11-28,5.457180976867676,5.478251934051514,5.388702869415283,5.404506206512451,3.009634017944336,18326926,0.0,0.0
2012-11-29,5.393970966339111,5.436110973358154,5.367632865905762,5.4203081130981445,3.0184338092803955,12705906,0.0,0.0
2012-11-30,5.446646213531494,5.509857177734375,5.425576210021973,5.462449073791504,3.041902542114258,29961936,0.0,0.0
2012-12-03,5.446646213531494,5.509857177734375,5.404506206512451,5.4203081130981445,3.0184338092803955,15428045,0.0,0.0
2012-12-04,5.393970966339111,5.4729838371276855,5.35709810256958,5.451913833618164,3.036034107208252,16419587,0.0,0.0
2012-12-05,5.446646213531494,5.567800045013428,5.436110973358154,5.541461944580078,3.0859007835388184,25529515,0.0,0.0
2012-12-06,5.551997184753418,5.5625319480896,5.4887871742248535,5.557264804840088,3.09470009803772,28069975,0.0,0.0
2012-12-07,5.541461944580078,5.557264804840088,5.504589080810547,5.546730041503906,3.0888335704803467,8433712,0.0,0.0
2012-12-10,5.541461944580078,5.604672908782959,5.483519077301025,5.546730041503906,3.0888335704803467,14566164,0.0,0.0
2012-12-11,5.567800045013428,5.578334808349609,5.5151238441467285,5.551997184753418,3.0917696952819824,19314292,0.0,0.0
2012-12-12,5.525659084320068,5.567800045013428,5.415040969848633,5.525659084320068,3.077100276947021,19352640,0.0,0.0
2012-12-13,5.504589080810547,5.504589080810547,5.330760002136231,5.37290096282959,2.9920334815979004,19928809,0.0,0.0
2012-12-14,5.351830005645752,5.415040969848633,5.299155235290527,5.367632865905762,2.9890999794006348,19622025,0.0,0.0
2012-12-17,5.341294765472412,5.38343620300293,5.272817134857178,5.288619995117188,2.945099353790283,16589496,0.0,0.0
2012-12-18,5.288619995117188,5.34656286239624,5.225409030914307,5.309689998626709,2.9568328857421875,25131227,0.0,0.0
2012-12-19,5.314957141876221,5.336028099060059,5.235943794250488,5.293887138366699,2.9480326175689697,21275165,0.0,0.0
2012-12-20,5.262281894683838,5.272817134857178,5.125326156616211,5.162199020385742,2.874699354171753,21464058,0.0,0.0
2012-12-21,5.193803787231445,5.341294765472412,5.188536167144775,5.278085231781006,2.9392335414886475,31046311,0.0,0.0
2012-12-27,5.267549991607666,5.293887138366699,5.1305928230285645,5.183269023895264,2.88643217086792,26447399,0.0,0.0
2012-12-28,5.199070930480957,5.25701379776001,5.0884528160095215,5.151662826538086,2.868830919265747,21550246,0.0,0.0
2013-01-02,5.162199020385742,5.246479034423828,5.098988056182861,5.241211891174316,2.918699264526367,20097198,0.0,0.0
2013-01-03,5.251747131347656,5.278085231781006,5.199070930480957,5.214873790740967,2.904031991958618,17924461,0.0,0.0
2013-01-04,5.188536167144775,5.225409030914307,5.135860919952393,5.188536167144775,2.889364957809448,15088038,0.0,0.0
2013-01-07,5.204339027404785,5.446646213531494,5.188536167144775,5.430843830108643,3.024300575256348,23470303,0.0,0.0
2013-01-08,5.415040969848633,5.509857177734375,5.38343620300293,5.4887871742248535,3.056567430496216,15349071,0.0,0.0
2013-01-09,5.4729838371276855,5.494053840637207,5.351830005645752,5.404506206512451,3.009634017944336,16293532,0.0,0.0
2013-01-10,5.399238109588623,5.430843830108643,5.267549991607666,5.314957141876221,2.959766626358032,24709969,0.0,0.0
2013-01-11,5.278085231781006,5.35709810256958,5.204339027404785,5.267549991607666,2.933366298675537,32960104,0.0,0.0
2013-01-14,5.278085231781006,5.441379070281982,5.272817134857178,5.436110973358154,3.027233839035034,40899089,0.0,0.0
2013-01-15,5.462449073791504,5.525659084320068,5.409772872924805,5.446646213531494,3.0331010818481445,34899716,0.0,0.0
2013-01-16,5.415040969848633,5.4203081130981445,5.246479034423828,5.341294765472412,2.9744319915771484,23977370,0.0,0.0
2013-01-17,5.34656286239624,5.37290096282959,5.267549991607666,5.362364768981934,2.986166715621948,21833110,0.0,0.0
2013-01-18,5.351830005645752,5.457180976867676,5.336028099060059,5.441379070281982,3.030167818069458,21898225,0.0,0.0
2013-01-21,5.378168106079102,5.494053840637207,5.378168106079102,5.457180976867676,3.043385982513428,19779783,0.007901,0.0
2013-01-22,5.436110973358154,5.451913833618164,5.336028099060059,5.436110973358154,3.0316362380981445,19189945,0.0,0.0
2013-01-23,5.457180976867676,5.551997184753418,5.404506206512451,5.393970966339111,3.008134603500366,28895406,0.0,0.0
2013-01-24,5.467716217041016,5.5151238441467285,5.378168106079102,5.499321937561035,3.105034351348877,17255839,0.066266,0.0
2013-01-25,5.509857177734375,5.567800045013428,5.441379070281982,5.541461944580078,3.1288273334503174,21247828,0.0,0.0
2013-01-28,5.4887871742248535,5.7152910232543945,5.467716217041016,5.704755783081055,3.2210261821746826,27543354,0.0,0.0
2013-01-29,5.683685779571533,5.710023880004883,5.599404811859131,5.667882919311523,3.2002058029174805,19051171,0.0,0.0
2013-01-30,5.64154577255249,5.667882919311523,5.5625319480896,5.5836029052734375,3.1526200771331787,11026188,0.0,0.0
2013-01-31,5.567800045013428,5.631010055541992,5.536194801330566,5.578334808349609,3.149646282196045,32058357,0.0,0.0
2013-02-01,5.594138145446777,5.599404811859131,5.399238109588623,5.478251934051514,3.093136072158813,25562168,0.0,0.0
2013-02-04,5.478251934051514,5.494053840637207,5.378168106079102,5.462449073791504,3.084214687347412,23909977,0.0,0.0
2013-02-05,5.436110973358154,5.5625319480896,5.425576210021973,5.546730041503906,3.131800651550293,19479264,0.0,0.0
2013-02-06,5.436110973358154,5.57306718826294,5.425576210021973,5.499321937561035,3.105034351348877,13775284,0.0,0.0
2013-02-07,5.462449073791504,5.551997184753418,5.446646213531494,5.541461944580078,3.1288273334503174,18398496,0.0,0.0
2013-02-08,5.520391941070557,5.536194801330566,5.446646213531494,5.478251934051514,3.093136072158813,22468320,0.0,0.0
2013-02-11,5.509857177734375,5.525659084320068,5.388702869415283,5.415040969848633,3.057446241378784,21112851,0.0,0.0
2013-02-12,5.446646213531494,5.451913833618164,5.330760002136231,5.37290096282959,3.03365445137024,18057920,0.0,0.0
2013-02-13,5.37290096282959,5.467716217041016,5.367632865905762,5.415040969848633,3.057446241378784,20222684,0.0,0.0
2013-02-14,5.399238109588623,5.446646213531494,5.314957141876221,5.436110973358154,3.069344282150269,14217235,0.0,0.0
2013-02-15,5.436110973358154,5.436110973358154,5.436110973358154,5.436110973358154,3.069344282150269,0,0.0,0.0
2013-02-18,5.5309271812438965,5.557264804840088,5.430843830108643,5.457180976867676,3.081239938735962,16236010,0.0,0.0
2013-02-19,5.5309271812438965,5.557264804840088,5.34656286239624,5.362364768981934,3.027704954147339,22039467,0.0,0.0
2013-02-20,5.367632865905762,5.393970966339111,5.293887138366699,5.362364768981934,3.027704954147339,15459558,0.0,0.0
2013-02-21,5.362364768981934,5.37290096282959,5.204339027404785,5.225409030914307,2.9503772258758545,21758882,0.0,0.0
2013-02-22,5.204339027404785,5.272817134857178,5.098988056182861,5.235943794250488,2.956324577331543,20605784,0.0,0.0
2013-02-25,5.246479034423828,5.25701379776001,5.146396160125732,5.230677127838135,2.9533517360687256,20545414,0.0,0.0
2013-02-26,5.246479034423828,5.399238109588623,5.235943794250488,5.35709810256958,3.024731397628784,25972036,0.0,0.0
2013-02-27,5.362364768981934,5.520391941070557,5.351830005645752,5.436110973358154,3.069344282150269,26270277,0.0,0.0
2013-02-28,5.451913833618164,5.478251934051514,5.404506206512451,5.467716217041016,3.0871872901916504,17550284,0.0,0.0
2013-03-01,5.451913833618164,5.462449073791504,5.362364768981934,5.37290096282959,3.03365445137024,23080179,0.0,0.0
2013-03-04,5.320224761962891,5.35709810256958,5.225409030914307,5.262281894683838,2.971195936203003,16710425,0.0,0.0
2013-03-05,5.309689998626709,5.378168106079102,5.293887138366699,5.37290096282959,3.03365445137024,23077901,0.0,0.0
2013-03-06,5.304421901702881,5.314957141876221,5.193803787231445,5.235943794250488,2.956324577331543,37235147,0.0,0.0
2013-03-07,5.235943794250488,5.267549991607666,5.0357770919799805,5.06211519241333,2.858176946640014,27410086,0.0,0.0
2013-03-08,5.098988056182861,5.193803787231445,5.019975185394287,5.188536167144775,2.9295575618743896,19673092,0.0,0.0
2013-03-11,5.167466163635254,5.193803787231445,5.098988056182861,5.156930923461914,2.911712169647217,30855520,0.0,0.0
2013-03-12,5.162199020385742,5.272817134857178,5.146396160125732,5.188536167144775,2.9295575618743896,14637734,0.0,0.0
2013-03-13,5.193803787231445,5.288619995117188,5.172733783721924,5.209606170654297,2.941453695297241,12778046,0.0,0.0
2013-03-14,5.220141887664795,5.283351898193359,5.172733783721924,5.235943794250488,2.956324577331543,11608432,0.0,0.0
2013-03-15,5.235943794250488,5.235943794250488,5.235943794250488,5.235943794250488,2.956324577331543,0,0.0,0.0
2013-03-18,5.093719959259033,5.178000926971436,5.056848049163818,5.0673828125,2.8611531257629395,17307097,0.0,0.0
2013-03-19,5.083185195922852,5.25701379776001,4.998904228210449,5.246479034423828,2.962273120880127,28640639,0.0,0.0
2013-03-20,5.238050937652588,5.330760002136231,5.174314022064209,5.191697120666504,2.931341648101806,26297200,0.0,1.1
2013-03-21,5.243845939636231,5.348143100738525,5.220667839050293,5.267023086547852,2.973873376846313,23528102,0.0,0.0
2013-03-22,5.238050937652588,5.267023086547852,5.180108070373535,5.255434036254883,2.96733021736145,15821742,0.0,0.0
2013-03-25,5.255434036254883,5.406085968017578,5.238050937652588,5.342349052429199,3.0164031982421875,16326720,0.0,0.0
2013-03-26,5.400053024291992,5.51097297668457,5.400053024291992,5.446755886077881,3.0753536224365234,23011888,0.0,0.0
2013-03-27,5.429242134094238,5.493459224700928,5.31832218170166,5.429242134094238,3.065465450286865,13811826,0.0,0.0
2013-04-02,5.394215106964111,5.423404216766357,5.329998016357422,5.365025997161865,3.0292069911956787,17697986,0.0,0.0
2013-04-03,5.37086296081543,5.37086296081543,5.242430210113525,5.271618843078613,2.976466178894043,23459652,0.0,0.0
2013-04-04,5.277457237243652,5.3475117683410645,5.2307538986206055,5.283295154571533,2.983060359954834,20383543,0.0,0.0
2013-04-05,5.300808906555176,5.4701080322265625,5.271618843078613,5.376700878143311,3.035797357559204,23214187,0.0,0.0
2013-04-08,5.365025997161865,5.388377189636231,5.306646823883057,5.335835933685303,3.012726306915283,17903197,0.0,0.0
2013-04-09,5.37086296081543,5.411728858947754,5.324160099029541,5.400053024291992,3.0489842891693115,21219975,0.0,0.0
2013-04-10,5.37086296081543,5.458432197570801,5.324160099029541,5.44091796875,3.0720577239990234,24002484,0.0,0.0
2013-04-11,5.464270114898682,5.540162086486816,5.394215106964111,5.534325122833252,3.124797344207764,19061149,0.0,0.0
2013-04-12,5.5051350593566895,5.64524507522583,5.499297142028809,5.63356876373291,3.1808323860168457,32059840,0.0,0.0
2013-04-15,5.534325122833252,5.604379177093506,5.487620830535889,5.557675838470459,3.137980937957764,23445434,0.0,0.0
2013-04-16,5.534325122833252,5.557675838470459,5.452593803405762,5.546000003814697,3.131388664245605,19265675,0.0,0.0
2013-04-17,5.534325122833252,5.551837921142578,5.499297142028809,5.528487205505371,3.121500253677368,18229342,0.0,0.0
2013-04-18,5.557675838470459,5.604379177093506,5.534325122833252,5.581027984619141,3.151166677474976,24392351,0.0,0.0
2013-04-19,5.528487205505371,5.563514232635498,5.411728858947754,5.429242134094238,3.065465450286865,26449085,0.0,0.0
2013-04-22,5.405890941619873,5.499297142028809,5.335835933685303,5.487620830535889,3.0984272956848145,39353050,0.0,0.0
2013-04-23,5.487620830535889,5.487620830535889,5.388377189636231,5.429242134094238,3.070364475250244,24479026,0.008757,0.0
2013-04-24,5.435080051422119,5.458432197570801,5.353350162506104,5.417566776275635,3.063762903213501,21242757,0.0,0.0
2013-04-25,5.388377189636231,5.423404216766357,5.195726871490479,5.248268127441406,2.9680190086364746,22287654,0.0,0.0
2013-04-26,5.254106044769287,5.335835933685303,5.178213119506836,5.31832218170166,3.007636308670044,36606170,0.0,0.0
2013-04-29,5.254106044769287,5.353350162506104,5.160698890686035,5.242430210113525,2.964719295501709,29054305,0.0,0.0
2013-04-30,5.172375202178955,5.283295154571533,5.172375202178955,5.259943008422852,2.9746222496032715,24532299,0.0,0.0
2013-05-02,5.219078063964844,5.219078063964844,5.0848069190979,5.102320194244385,2.885483264923096,26105811,0.0,0.0
2013-05-03,5.125671863555908,5.166536808013916,5.020589828491211,5.102320194244385,2.885483264923096,30468170,0.0,0.0
2013-05-06,5.108158111572266,5.143186092376709,5.038103103637695,5.137348175048828,2.9052913188934326,23988952,0.0,0.0
2013-05-07,5.125671863555908,5.149023056030273,4.968049049377441,4.997238159179688,2.8260560035705566,19916937,0.0,0.0
2013-05-08,5.020589828491211,5.090643882751465,4.991399765014648,5.01475191116333,2.835960865020752,15564512,0.0,0.0
2013-05-10,4.979723930358887,5.003076076507568,4.915507793426514,4.985561847686768,2.819453239440918,19270471,0.0,0.0
2013-05-13,4.991399765014648,4.997238159179688,4.787074089050293,4.89215612411499,2.766629934310913,28420857,0.0,0.0
2013-05-14,4.8104248046875,4.933021068572998,4.623612880706787,4.886318206787109,2.763328313827514,35051843,0.0,0.0
2013-05-15,4.845452785491943,4.927183151245117,4.798749923706055,4.862967014312744,2.750122547149658,32070289,0.0,0.0
2013-05-16,4.798749923706055,4.798749923706055,4.635289192199707,4.664477825164795,2.637873649597168,30231099,0.0,0.0
2013-05-21,4.699504852294922,4.746209144592285,4.600261211395264,4.681992053985596,2.647777557373047,28476357,0.0,0.0
2013-05-22,4.705342769622803,4.82210111618042,4.670316219329834,4.681992053985596,2.647777557373047,26170903,0.0,0.0
2013-05-23,4.693667888641357,4.804587841033936,4.693667888641357,4.763721942901611,2.693995952606201,24469947,0.0,0.0
2013-05-24,4.740371227264404,4.851291179656982,4.711181163787842,4.792912006378174,2.710505247116089,40626625,0.0,0.0
2013-05-27,4.740371227264404,4.88047981262207,4.711181163787842,4.82210111618042,2.7270119190216064,21682984,0.0,0.0
2013-05-28,4.763721942901611,4.804587841033936,4.501017093658447,4.588584899902344,2.594954013824463,37180692,0.0,0.0
2013-05-29,4.571072101593018,4.629450798034668,4.46015214920044,4.530206203460693,2.561938762664795,40771369,0.0,0.0
2013-05-30,4.6060991287231445,4.646964073181152,4.559395790100098,4.582747936248779,2.5916523933410645,26815484,0.0,0.0
2013-05-31,4.553557872772217,4.571072101593018,4.378420829772949,4.524368762969971,2.558637380599976,46829032,0.0,0.0
2013-06-03,4.495179176330566,4.617774963378906,4.44847583770752,4.51853084564209,2.5553367137908936,29577438,0.0,0.0
2013-06-04,4.582747936248779,4.594422817230225,4.512692928314209,4.565234184265137,2.581748962402344,29127619,0.0,0.0
2013-06-05,4.588584899902344,4.646964073181152,4.530206203460693,4.641126155853272,2.6246674060821533,36817547,0.0,0.0
2013-06-06,4.600261211395264,4.670316219329834,4.553557872772217,4.611937046051025,2.608159303665161,26550149,0.0,0.0
2013-06-07,4.611937046051025,4.705342769622803,4.588584899902344,4.687829971313477,2.6510791778564453,43571865,0.0,0.0
2013-06-10,4.728694915771484,4.7578840255737305,4.646964073181152,4.734532833099365,2.677490472793579,21095615,0.0,0.0
2013-06-11,4.722856998443604,4.816263198852539,4.717019081115723,4.804587841033936,2.717108249664306,15491198,0.0,0.0
2013-06-12,4.775397777557373,4.827939033508301,4.734532833099365,4.804587841033936,2.717108249664306,17292532,0.0,0.0
2013-06-13,4.769559860229492,4.804587841033936,4.746209144592285,4.787074089050293,2.707203388214112,14291451,0.0,0.0
2013-06-14,4.763721942901611,4.933021068572998,4.734532833099365,4.88047981262207,2.760026454925537,29106892,0.0,0.0
2013-06-17,4.915507793426514,4.997238159179688,4.897994041442871,4.9622111320495605,2.806246757507324,22673238,0.0,0.0
2013-06-18,4.94469690322876,4.968049049377441,4.82210111618042,4.903831958770752,2.77323317527771,19432344,0.0,0.0
2013-06-19,4.868803977966309,4.927183151245117,4.839614868164063,4.903831958770752,2.77323317527771,15923717,0.0,0.0
2013-06-20,4.903831958770752,4.903831958770752,4.903831958770752,4.903831958770752,2.77323317527771,0,0.0,0.0
2013-06-21,4.909669876098633,4.968049049377441,4.851291179656982,4.903831958770752,2.77323317527771,15547383,0.0,0.0
2013-06-24,4.938858985900879,5.061454772949219,4.903831958770752,4.915507793426514,2.779836416244507,30865916,0.0,0.0
2013-06-25,4.903831958770752,4.973886966705322,4.868803977966309,4.886318206787109,2.763328313827514,28334182,0.0,0.0
2013-06-26,4.921345233917236,5.067293167114258,4.921345233917236,5.043941020965576,2.852468252182007,32810624,0.0,0.0
2013-06-27,5.008913993835449,5.0848069190979,4.991399765014648,5.049778938293457,2.8557701110839844,25503025,0.0,0.0
2013-06-28,5.020589828491211,5.038103103637695,4.933021068572998,4.985561847686768,2.819453239440918,17779009,0.0,0.0
2013-07-01,4.95637321472168,4.968049049377441,4.804587841033936,4.839614868164063,2.736916303634644,33294017,0.0,0.0
2013-07-02,4.763721942901611,4.804587841033936,4.722856998443604,4.792912006378174,2.733919858932495,40016988,0.041449,0.0
2013-07-03,4.8104248046875,4.933021068572998,4.763721942901611,4.909669876098633,2.8005199432373047,22576971,0.0,0.0
2013-07-04,4.933021068572998,4.95637321472168,4.845452785491943,4.933021068572998,2.813838481903076,26653782,0.0,0.0
2013-07-05,4.95637321472168,5.102320194244385,4.950534820556641,5.043941020965576,2.8771090507507324,32002970,0.0,0.0
2013-07-08,5.055616855621338,5.102320194244385,4.997238159179688,5.090643882751465,2.90374755859375,30387148,0.0,0.0
2013-07-09,5.049778938293457,5.090643882751465,4.997238159179688,5.008913993835449,2.857130289077759,40979492,0.0,0.0
2013-07-10,4.950534820556641,4.991399765014648,4.8746418952941895,4.991399765014648,2.8471388816833496,28243396,0.0,0.0
2013-07-11,4.9622111320495605,4.973886966705322,4.827939033508301,4.903831958770752,2.797189474105835,33556098,0.0,0.0
2013-07-12,4.857129096984863,4.88047981262207,4.775397777557373,4.845452785491943,2.763888597488404,23477295,0.0,0.0
2013-07-15,4.816263198852539,4.897994041442871,4.775397777557373,4.804587841033936,2.740579605102539,24360490,0.0,0.0
2013-07-16,4.781236171722412,4.82210111618042,4.711181163787842,4.787074089050293,2.730590581893921,34261147,0.0,0.0
2013-07-17,4.816263198852539,4.833776950836182,4.728694915771484,4.787074089050293,2.730590581893921,27124842,0.0,0.0
2013-07-18,4.798749923706055,4.950534820556641,4.775397777557373,4.950534820556641,2.823829174041748,21908579,0.0,0.0
2013-07-19,4.933021068572998,4.94469690322876,4.787074089050293,4.8104248046875,2.7439095973968506,24630793,0.0,0.0
2013-07-22,4.763721942901611,4.787074089050293,4.681992053985596,4.728694915771484,2.6972899436950684,20417288,0.0,0.0
2013-07-23,4.734532833099365,4.781236171722412,4.681992053985596,4.740371227264404,2.7039496898651123,19414016,0.0,0.0
2013-07-24,4.763721942901611,4.857129096984863,4.746209144592285,4.775397777557373,2.723928689956665,17840332,0.0,0.0
2013-07-25,4.763721942901611,4.886318206787109,4.746209144592285,4.886318206787109,2.7871997356414795,26789961,0.0,0.0
2013-07-26,4.950534820556641,5.020589828491211,4.897994041442871,4.921345233917236,2.812218189239502,20979991,0.008757,0.0
2013-07-29,4.927183151245117,4.950534820556641,4.816263198852539,4.82210111618042,2.755507230758667,27129296,0.0,0.0
2013-07-30,4.8104248046875,4.862967014312744,4.781236171722412,4.833776950836182,2.762180089950561,21622175,0.0,0.0
2013-07-31,4.845452785491943,4.903831958770752,4.82210111618042,4.897994041442871,2.798875331878662,16492758,0.0,0.0
2013-08-01,4.933021068572998,5.032265186309815,4.903831958770752,4.991399765014648,2.8522512912750244,26905414,0.0,0.0
2013-08-02,4.991399765014648,5.125671863555908,4.991399765014648,5.090643882751465,2.908961534500122,26095704,0.0,0.0
2013-08-05,5.137348175048828,5.149023056030273,5.049778938293457,5.108158111572266,2.9189705848693848,21000718,0.0,0.0
2013-08-06,5.108158111572266,5.131509780883789,5.049778938293457,5.102320194244385,2.915634870529175,29195109,0.0,0.0
2013-08-07,5.096481800079346,5.1139960289001465,5.032265186309815,5.090643882751465,2.908961534500122,20839872,0.0,0.0
2013-08-08,5.0848069190979,5.125671863555908,5.043941020965576,5.108158111572266,2.9189705848693848,15431588,0.0,0.0
2013-08-09,5.160698890686035,5.166536808013916,5.073131084442139,5.1139960289001465,2.9223055839538574,17979252,0.0,0.0
2013-08-12,5.1139960289001465,5.219078063964844,5.102320194244385,5.213240146636963,2.979017496109009,17828684,0.0,0.0
2013-08-13,5.201563835144043,5.411728858947754,5.149023056030273,5.359188079833984,3.062416315078736,32446280,0.0,0.0
2013-08-14,5.359188079833984,5.365025997161865,5.242430210113525,5.341673851013184,3.052407503128052,23930883,0.0,0.0
2013-08-15,5.31832218170166,5.353350162506104,5.172375202178955,5.178213119506836,2.9590017795562744,19257281,0.0,0.0
2013-08-16,5.31832218170166,5.353350162506104,5.172375202178955,5.277457237243652,3.015712022781372,21593568,0.0,0.0
2013-08-19,5.31832218170166,5.353350162506104,5.172375202178955,5.259943008422852,3.005704879760742,22158669,0.0,0.0
2013-08-20,5.2307538986206055,5.283295154571533,5.201563835144043,5.259943008422852,3.005704879760742,12846409,0.0,0.0
2013-08-21,5.248268127441406,5.277457237243652,5.207402229309082,5.242430210113525,2.9956986904144287,14932264,0.0,0.0
2013-08-22,5.236591815948486,5.400053024291992,5.2307538986206055,5.37086296081543,3.0690879821777344,27371335,0.0,0.0
2013-08-23,5.236591815948486,5.400053024291992,5.2307538986206055,5.254106044769287,3.002369403839112,24655117,0.0,0.0
2013-08-26,5.277457237243652,5.306646823883057,5.166536808013916,5.306646823883057,3.03239369392395,19084445,0.0,0.0
2013-08-27,5.283295154571533,5.31832218170166,5.254106044769287,5.265780925750732,3.0090410709381104,12674430,0.0,0.0
2013-08-28,5.271618843078613,5.294970989227295,5.213240146636963,5.248268127441406,2.999033212661743,18459391,0.0,0.0
2013-08-29,5.248268127441406,5.277457237243652,5.207402229309082,5.254106044769287,3.002369403839112,14302242,0.0,0.0
2013-08-30,5.248268127441406,5.271618843078613,5.201563835144043,5.271618843078613,3.0123753547668457,10821536,0.0,0.0
2013-09-02,5.254106044769287,5.277457237243652,5.178213119506836,5.254106044769287,3.002369403839112,14536916,0.0,0.0
2013-09-03,5.265780925750732,5.306646823883057,5.2307538986206055,5.300808906555176,3.0290563106536865,16693172,0.0,0.0
2013-09-04,5.312483787536621,5.359188079833984,5.254106044769287,5.353350162506104,3.0590786933898926,21428440,0.0,0.0
2013-09-05,5.353350162506104,5.353350162506104,5.259943008422852,5.306646823883057,3.03239369392395,15204451,0.0,0.0
2013-09-06,5.300808906555176,5.353350162506104,5.242430210113525,5.324160099029541,3.0424013137817383,17503567,0.0,0.0
2013-09-09,5.324160099029541,5.359188079833984,5.294970989227295,5.359188079833984,3.062416315078736,25334814,0.0,0.0
2013-09-10,5.365025997161865,5.435080051422119,5.329998016357422,5.388377189636231,3.07909631729126,30772903,0.0,0.0
2013-09-11,5.359188079833984,5.44091796875,5.353350162506104,5.417566776275635,3.09577751159668,19797716,0.0,0.0
2013-09-12,5.405890941619873,5.51097297668457,5.405890941619873,5.5051350593566895,3.145816802978516,23999401,0.0,0.0
2013-09-13,5.481782913208008,5.5051350593566895,5.388377189636231,5.429242134094238,3.102447748184204,19730226,0.0,0.0
2013-09-16,5.435080051422119,5.464270114898682,5.37086296081543,5.458432197570801,3.1191282272338867,21173897,0.0,0.0
2013-09-17,5.435080051422119,5.44091796875,5.341673851013184,5.37086296081543,3.0690879821777344,16989683,0.0,0.0
2013-09-18,5.37086296081543,5.388377189636231,5.300808906555176,5.359188079833984,3.062416315078736,15178072,0.0,0.0
2013-09-19,5.365025997161865,5.37086296081543,5.300808906555176,5.335835933685303,3.0490734577178955,9785204,0.0,0.0
2013-09-20,5.3475117683410645,5.417566776275635,5.312483787536621,5.417566776275635,3.09577751159668,17141108,0.0,0.0
2013-09-23,5.546000003814697,5.63356876373291,5.522648811340332,5.621892929077148,3.2125356197357178,40418331,0.0,0.0
2013-09-24,5.616055011749268,5.639407157897949,5.57519006729126,5.610217094421387,3.205862045288086,19559616,0.0,0.0
2013-09-25,5.598540782928467,5.63356876373291,5.528487205505371,5.63356876373291,3.2192068099975586,23918550,0.0,0.0
2013-09-26,5.656919956207275,5.656919956207275,5.516810894012451,5.57519006729126,3.185847520828247,18352674,0.0,0.0
2013-09-27,5.57519006729126,5.616055011749268,5.551837921142578,5.5868659019470215,3.192519426345825,14434653,0.0,0.0
2013-09-30,5.581027984619141,5.616055011749268,5.5051350593566895,5.546000003814697,3.169167280197144,20773067,0.0,0.0
2013-10-01,5.528487205505371,5.540162086486816,5.429242134094238,5.487620830535889,3.135808229446411,19199212,0.0,0.0
2013-10-02,5.4701080322265625,5.546000003814697,5.37086296081543,5.405890941619873,3.089103937149048,28500338,0.0,0.0
2013-10-03,5.400053024291992,5.417566776275635,5.224915981292725,5.277457237243652,3.015712022781372,28336580,0.0,0.0
2013-10-04,5.277457237243652,5.300808906555176,5.236591815948486,5.300808906555176,3.0290563106536865,15475096,0.0,0.0
2013-10-07,5.294970989227295,5.405890941619873,5.254106044769287,5.300808906555176,3.0290563106536865,25856577,0.0,0.0
2013-10-08,5.265780925750732,5.446755886077881,5.254106044769287,5.388377189636231,3.07909631729126,21706280,0.0,0.0
2013-10-09,5.400053024291992,5.534325122833252,5.400053024291992,5.51097297668457,3.14915132522583,18283300,0.0,0.0
2013-10-10,5.51097297668457,5.598540782928467,5.51097297668457,5.592702865600586,3.1958553791046143,16602558,0.0,0.0
2013-10-11,5.569352149963379,5.569352149963379,5.376700878143311,5.446755886077881,3.1124558448791504,26008173,0.0,0.0
2013-10-14,5.382538795471191,5.458432197570801,5.359188079833984,5.382538795471191,3.075761079788208,23772607,0.0,0.0
2013-10-15,5.353350162506104,5.382538795471191,5.195726871490479,5.306646823883057,3.03239369392395,23012573,0.0,0.0
2013-10-16,5.324160099029541,5.329998016357422,5.125671863555908,5.219078063964844,2.9823544025421143,22855496,0.0,0.0
2013-10-17,5.172375202178955,5.37086296081543,5.172375202178955,5.259943008422852,3.005704879760742,28139592,0.0,0.0
2013-10-18,5.271618843078613,5.405890941619873,5.271618843078613,5.405890941619873,3.089103937149048,22657650,0.0,0.0
2013-10-21,5.411728858947754,5.446755886077881,5.306646823883057,5.37086296081543,3.0690879821777344,13869210,0.0,0.0
2013-10-22,5.376700878143311,5.429242134094238,5.335835933685303,5.417566776275635,3.09577751159668,18392415,0.0,0.0
2013-10-23,5.37086296081543,5.435080051422119,5.271618843078613,5.312483787536621,3.04064416885376,22200808,0.008757,0.0
2013-10-24,5.259943008422852,5.294970989227295,5.172375202178955,5.195726871490479,2.973816156387329,21516486,0.0,0.0
2013-10-25,5.224915981292725,5.265780925750732,5.131509780883789,5.154860973358154,2.9504265785217285,21619434,0.0,0.0
2013-10-28,5.224915981292725,5.265780925750732,5.067293167114258,5.119833946228027,2.9303810596466064,29892278,0.0,0.0
2013-10-29,5.137348175048828,5.236591815948486,5.096481800079346,5.195726871490479,2.973816156387329,19549167,0.0,0.0
2013-10-30,5.219078063964844,5.283295154571533,5.189888954162598,5.259943008422852,3.010571241378784,15867704,0.0,0.0
2013-10-31,5.248268127441406,5.248268127441406,5.207402229309082,5.224915981292725,2.99052357673645,16768199,0.0,0.0
2013-11-01,5.213240146636963,5.219078063964844,5.07896900177002,5.131509780883789,2.937061309814453,34848345,0.0,0.0
2013-11-04,5.143186092376709,5.172375202178955,5.0848069190979,5.154860973358154,2.9504265785217285,34557486,0.0,0.0
2013-11-05,5.172375202178955,5.207402229309082,5.131509780883789,5.137348175048828,2.940402030944824,19833174,0.0,0.0
2013-11-06,5.172375202178955,5.207402229309082,5.125671863555908,5.172375202178955,2.960451364517212,39767583,0.0,0.0
2013-11-07,5.178213119506836,5.184051036834717,5.137348175048828,5.172375202178955,2.960451364517212,19103630,0.0,0.0
2013-11-08,5.195726871490479,5.312483787536621,5.149023056030273,5.219078063964844,2.987181663513184,29943324,0.0,0.0
2013-11-11,5.271618843078613,5.312483787536621,5.195726871490479,5.306646823883057,3.0373024940490723,20255072,0.0,0.0
2013-11-12,5.283295154571533,5.300808906555176,5.224915981292725,5.201563835144043,2.97715711593628,27052556,0.0,0.0
2013-11-13,5.224915981292725,5.259943008422852,5.178213119506836,5.195726871490479,3.0027990341186523,16140233,0.050206,0.0
2013-11-14,5.195726871490479,5.219078063964844,5.166536808013916,5.184051036834717,2.9960529804229736,14211799,0.0,0.0
2013-11-15,5.201563835144043,5.219078063964844,5.160698890686035,5.195726871490479,3.0027990341186523,11454983,0.0,0.0
2013-11-18,5.184051036834717,5.254106044769287,5.172375202178955,5.195726871490479,3.0027990341186523,12267091,0.0,0.0
2013-11-19,5.213240146636963,5.242430210113525,5.102320194244385,5.125671863555908,2.962312698364258,17539710,0.0,0.0
2013-11-20,5.125671863555908,5.178213119506836,5.096481800079346,5.143186092376709,2.972434759140014,17332101,0.0,0.0
2013-11-21,5.119833946228027,5.207402229309082,5.119833946228027,5.178213119506836,2.9926772117614746,18457335,0.0,0.0
2013-11-22,5.172375202178955,5.224915981292725,5.143186092376709,5.160698890686035,2.982555627822876,22362510,0.0,0.0
2013-11-25,5.160698890686035,5.207402229309082,5.131509780883789,5.189888954162598,2.9994242191314697,22906199,0.0,0.0
2013-11-26,5.172375202178955,5.172375202178955,5.003076076507568,5.061454772949219,2.925199031829834,27934895,0.0,0.0
2013-11-27,5.049778938293457,5.108158111572266,4.997238159179688,5.038103103637695,2.911703109741211,22578512,0.0,0.0
2013-11-28,5.055616855621338,5.073131084442139,4.991399765014648,5.032265186309815,2.908329725265503,17405929,0.0,0.0
2013-11-29,5.003076076507568,5.090643882751465,4.997238159179688,5.067293167114258,2.928574562072754,16035401,0.0,0.0
2013-12-02,5.096481800079346,5.102320194244385,5.020589828491211,5.032265186309815,2.908329725265503,14932778,0.0,0.0
2013-12-03,5.055616855621338,5.067293167114258,4.973886966705322,4.991399765014648,2.8847129344940186,20595949,0.0,0.0
2013-12-04,5.020589828491211,5.020589828491211,4.921345233917236,4.94469690322876,2.8577210903167725,19134292,0.0,0.0
2013-12-05,4.915507793426514,4.95637321472168,4.886318206787109,4.921345233917236,2.844224214553833,16492415,0.0,0.0
2013-12-06,4.95637321472168,4.95637321472168,4.94469690322876,4.95637321472168,2.864468812942505,17425799,0.0,0.0
2013-12-09,4.973886966705322,5.020589828491211,4.915507793426514,4.938858985900879,2.854346513748169,22480189,0.0,0.0
2013-12-10,4.909669876098633,5.008913993835449,4.816263198852539,4.82210111618042,2.786867380142212,22080388,0.0,0.0
2013-12-11,4.827939033508301,4.868803977966309,4.740371227264404,4.787074089050293,2.766624689102173,23484318,0.0,0.0
2013-12-12,4.787074089050293,4.921345233917236,4.787074089050293,4.886318206787109,2.823981523513794,20956695,0.0,0.0
2013-12-13,4.950534820556641,4.979723930358887,4.8746418952941895,4.89215612411499,2.827356100082397,21655406,0.0,0.0
2013-12-16,4.8746418952941895,4.886318206787109,4.792912006378174,4.833776950836182,2.7936158180236816,22527467,0.0,0.0
2013-12-17,4.833776950836182,4.903831958770752,4.787074089050293,4.839614868164063,2.7969894409179688,19164782,0.0,0.0
2013-12-18,4.798749923706055,4.9622111320495605,4.775397777557373,4.915507793426514,2.840850591659546,27401312,0.0,0.0
2013-12-19,4.903831958770752,4.933021068572998,4.763721942901611,4.798749923706055,2.7733728885650635,26948751,0.0,0.0
2013-12-20,4.973886966705322,5.125671863555908,4.9622111320495605,5.07896900177002,2.935321569442749,53901786,0.0,0.0
2013-12-23,5.0848069190979,5.0848069190979,4.94469690322876,5.049778938293457,2.918452262878418,20945390,0.0,0.0
2013-12-27,5.055616855621338,5.189888954162598,5.043941020965576,5.125671863555908,2.962312698364258,23352250,0.0,0.0
2013-12-30,5.125671863555908,5.172375202178955,5.043941020965576,5.137348175048828,2.969060182571411,26056478,0.0,0.0
2014-01-02,5.119833946228027,5.131509780883789,5.049778938293457,5.1139960289001465,2.9555649757385254,16879541,0.0,0.0
2014-01-03,5.125671863555908,5.143186092376709,5.020589828491211,5.125671863555908,2.962312698364258,24544289,0.0,0.0
2014-01-06,5.143186092376709,5.149023056030273,5.01475191116333,5.067293167114258,2.928574562072754,18632056,0.0,0.0
2014-01-07,5.032265186309815,5.032265186309815,4.933021068572998,4.997238159179688,2.8880863189697266,29263284,0.0,0.0
2014-01-08,5.02642822265625,5.049778938293457,4.927183151245117,5.043941020965576,2.9150776863098145,19621796,0.0,0.0
2014-01-09,5.049778938293457,5.055616855621338,4.997238159179688,5.020589828491211,2.9015817642211914,13793840,0.0,0.0
2014-01-10,5.008913993835449,5.073131084442139,4.94469690322876,4.94469690322876,2.8577210903167725,23885148,0.0,0.0
2014-01-13,4.870594024658203,4.95265007019043,4.806121826171875,4.95265007019043,2.8623170852661133,27332809,0.0,0.0
2014-01-14,4.929204940795898,5.0171217918396,4.8647332191467285,4.940927982330322,2.855542182922364,27330932,0.0,0.0
2014-01-15,4.940927982330322,4.98781681060791,4.899899959564209,4.976093769073486,2.875866174697876,26866687,0.0,0.0
2014-01-16,4.964372158050537,5.0171217918396,4.935066223144531,5.00540018081665,2.8928029537200928,20796179,0.0,0.0
2014-01-17,4.981955051422119,4.999538898468018,4.911622047424316,4.935066223144531,2.852154493331909,22544479,0.0,0.0
2014-01-20,4.95265007019043,4.964372158050537,4.841288089752197,4.8647332191467285,2.811507225036621,38566660,0.0,0.0
2014-01-21,4.876454830169678,4.98781681060791,4.870594024658203,4.981955051422119,2.8792531490325928,26362005,0.0,0.0
2014-01-22,4.981955051422119,5.022983074188232,4.894039154052734,4.964372158050537,2.869090795516968,29916955,0.0,0.0
2014-01-23,4.946788787841797,4.946788787841797,4.817843914031982,4.8647332191467285,2.816495180130005,29253601,0.008792,0.0
2014-01-24,4.882316112518311,4.98781681060791,4.823705196380615,4.970232963562012,2.877575159072876,39031929,0.0,0.0
2014-01-27,4.946788787841797,4.993678092956543,4.8354268074035645,4.8647332191467285,2.816495180130005,21909617,0.0,0.0
2014-01-28,4.853011131286621,4.858871936798096,4.741649150848389,4.8354268074035645,2.799527645111084,24069783,0.0,0.0
2014-01-29,4.870594024658203,4.917482852935791,4.776815891265869,4.888176918029785,2.8300676345825195,23963319,0.0,0.0
2014-01-30,4.847149848937988,4.870594024658203,4.794398784637451,4.853011131286621,2.8097083568573,23596666,0.0,0.0
2014-01-31,4.8647332191467285,4.870594024658203,4.7709550857543945,4.8002610206604,2.779167652130127,19606476,0.0,0.0
2014-02-03,4.8002610206604,4.817843914031982,4.659594058990479,4.694759845733643,2.718084812164306,25924205,0.0,0.0
2014-02-04,4.729927062988281,4.782677173614502,4.712344169616699,4.747509956359863,2.7486276626586914,18270213,0.0,0.0
2014-02-05,4.7709550857543945,4.8354268074035645,4.718204975128174,4.823705196380615,2.792741537094116,22294015,0.0,0.0
2014-02-06,4.823705196380615,4.905760765075684,4.794398784637451,4.841288089752197,2.802921772003174,22572460,0.0,0.0
2014-02-07,4.823705196380615,5.046428203582764,4.811983108520508,4.999538898468018,2.89454197883606,41701894,0.0,0.0
2014-02-10,4.946788787841797,5.087456226348877,4.917482852935791,4.976093769073486,2.8809683322906494,29382586,0.0,0.0
2014-02-11,4.993678092956543,5.1870951652526855,4.981955051422119,5.163650035858154,2.989556312561035,28495043,0.0,0.0
2014-02-12,5.198816776275635,5.228123188018799,5.110899925231934,5.19295597076416,3.006523370742798,22143532,0.0,0.0
2014-02-13,5.216400146484375,5.275012016296387,5.151927947998047,5.1870951652526855,3.0031301975250244,22613407,0.0,0.0
2014-02-14,5.239844799041748,5.362927913665772,5.233983993530273,5.351205825805664,3.098144292831421,35976543,0.0,0.0
2014-02-17,5.351205825805664,5.374650955200195,5.2691497802734375,5.316039085388184,3.0777828693389893,24573100,0.0,0.0
2014-02-18,5.333622932434082,5.433261871337891,5.310177803039551,5.421539783477783,3.138864040374756,33577344,0.0,0.0
2014-02-19,5.427401065826416,5.491872787475586,5.362927913665772,5.491872787475586,3.179584264755249,32950331,0.0,0.0
2014-02-20,5.480151176452637,5.691151142120361,5.4567060470581055,5.673567771911621,3.2847795486450195,42099770,0.0,0.0
2014-02-21,5.6677069664001465,5.6852898597717285,5.556345939636231,5.655984878540039,3.274597883224488,25740452,0.0,0.0
2014-02-24,5.70873498916626,5.7614850997924805,5.538762092590332,5.58565092086792,3.2338790893554688,26363370,0.0,0.0
2014-02-25,5.638401031494141,5.702874183654785,5.609096050262451,5.673567771911621,3.2847795486450195,20612597,0.0,0.0
2014-02-26,5.743902206420898,5.849401950836182,5.527040004730225,5.562207221984863,3.220304489135742,31557425,0.0,0.0
2014-02-27,5.532900810241699,5.562207221984863,5.409817218780518,5.474289894104004,3.169405460357666,23919983,0.0,0.0
2014-02-28,5.468429088592529,5.532900810241699,5.439123153686523,5.532900810241699,3.2033393383026123,16341573,0.0,0.0
2014-03-03,5.480151176452637,5.661846160888672,5.421539783477783,5.638401031494141,3.2644195556640625,18199579,0.0,0.0
2014-03-04,5.6677069664001465,5.6677069664001465,5.509457111358643,5.579790115356445,3.230485677719116,12481222,0.0,0.0
2014-03-05,5.532900810241699,5.55048418045044,5.374650955200195,5.444983959197998,3.152437925338745,19723689,0.0,0.0
2014-03-06,5.486011981964111,5.568068027496338,5.421539783477783,5.52117919921875,3.196550846099853,18767900,0.0,0.0
2014-03-07,5.509457111358643,5.6852898597717285,5.468429088592529,5.6501240730285645,3.271205186843872,15217898,0.0,0.0
2014-03-10,5.6501240730285645,5.743902206420898,5.591512203216553,5.6852898597717285,3.2915663719177246,15552646,0.0,0.0
2014-03-11,5.6501240730285645,5.70873498916626,5.620818138122559,5.661846160888672,3.277991533279419,12026190,0.0,0.0
2014-03-12,5.697012901306152,5.796651840209961,5.6501240730285645,5.784928798675537,3.349252462387085,12299516,0.0,0.0
2014-03-13,5.732179164886475,5.831818103790283,5.70873498916626,5.784928798675537,3.349252462387085,21843248,0.0,0.0
2014-03-14,5.779067993164063,5.790791034698486,5.702874183654785,5.749763011932373,3.3288934230804443,17679712,0.0,0.0
2014-03-17,5.796651840209961,5.843541145324707,5.6677069664001465,5.767345905303955,3.339073657989502,26995672,0.0,0.0
2014-03-18,5.743902206420898,5.808373928070068,5.691151142120361,5.732179164886475,3.318711280822754,18993454,0.0,0.0
2014-03-19,5.732179164886475,5.931457996368408,5.720457077026367,5.720457077026367,3.3119256496429443,24205593,0.0,0.0
2014-03-20,5.9250102043151855,6.021718978881836,5.879879951477051,5.976587772369385,3.4602162837982178,21639502,0.0,1.1
2014-03-21,5.931457996368408,5.983035087585449,5.854091167449951,5.957246780395508,3.449018239974976,32790790,0.0,0.0
2014-03-24,5.957246780395508,6.01527214050293,5.879879951477051,5.976587772369385,3.4602162837982178,21411497,0.0,0.0
2014-03-25,5.957246780395508,6.002377033233643,5.866984844207764,5.886326789855957,3.407956600189209,20313818,0.0,0.0
2014-03-26,5.8927741050720215,5.918562889099121,5.834749221801758,5.873432159423828,3.4004921913146973,16201203,0.0,0.0
2014-03-27,5.899220943450928,5.989482879638672,5.879879951477051,5.963694095611572,3.452751636505127,13182391,0.0,0.0
2014-03-28,5.976587772369385,5.976587772369385,5.899220943450928,5.9250102043151855,3.430354356765747,9914789,0.0,0.0
2014-03-31,5.9250102043151855,5.963694095611572,5.8927741050720215,5.950798988342285,3.4452857971191406,15303454,0.0,0.0
2014-04-01,5.918562889099121,5.9379048347473145,5.834749221801758,5.905669212341309,3.4191579818725586,9844527,0.0,0.0
2014-04-02,5.905669212341309,5.976587772369385,5.886326789855957,5.963694095611572,3.452751636505127,13183321,0.0,0.0
2014-04-03,5.963694095611572,5.963694095611572,5.873432159423828,5.905669212341309,3.4191579818725586,13390076,0.0,0.0
2014-04-04,5.905669212341309,5.983035087585449,5.763829231262207,5.796065807342529,3.3557016849517822,22840016,0.0,0.0
2014-04-07,5.8089599609375,5.84764289855957,5.557518005371094,5.654225826263428,3.273582220077514,20562141,0.0,0.0
2014-04-08,5.583306789398193,5.757381916046143,5.583306789398193,5.699357032775879,3.299710750579834,18447282,0.0,0.0
2014-04-09,5.71225118637085,5.718698978424072,5.589754104614258,5.660674095153809,3.2773139476776123,9624432,0.0,0.0
2014-04-10,5.660674095153809,5.692910194396973,5.583306789398193,5.6477789878845215,3.269848346710205,7351521,0.0,0.0
2014-04-11,5.641332149505615,5.776723861694336,5.583306789398193,5.609096050262451,3.247452974319458,16052147,0.0,0.0
2014-04-14,5.60264778137207,5.77027702331543,5.60264778137207,5.731593132019043,3.3183741569519043,13937753,0.0,0.0
2014-04-15,5.750935077667236,5.763829231262207,5.621990203857422,5.641332149505615,3.266115427017212,12776170,0.0,0.0
2014-04-16,5.60264778137207,5.621990203857422,5.493044853210449,5.512386798858643,3.191461563110352,26312046,0.0,0.0
2014-04-22,5.512386798858643,5.576859951019287,5.454361915588379,5.557518005371094,3.223245143890381,15656319,0.009671,0.0
2014-04-23,5.5381760597229,5.544622898101807,5.493044853210449,5.52528190612793,3.204549551010132,20358798,0.0,0.0
2014-04-24,5.512386798858643,5.518834114074707,5.454361915588379,5.505939960479736,3.1933321952819824,16005150,0.0,0.0
2014-04-25,5.531729221343994,5.551071166992188,5.415678977966309,5.460809230804443,3.1671574115753174,14719483,0.0,0.0
2014-04-28,5.641332149505615,5.660674095153809,5.557518005371094,5.628437042236328,3.264375925064087,25092144,0.0,0.0
2014-04-29,5.6477789878845215,5.841196060180664,5.621990203857422,5.802513122558594,3.36533784866333,21825318,0.0,0.0
2014-04-30,5.8089599609375,5.8927741050720215,5.757381916046143,5.841196060180664,3.3877735137939453,15674621,0.0,0.0
2014-05-02,5.9250102043151855,5.983035087585449,5.886326789855957,5.963694095611572,3.4588191509246826,20158092,0.0,0.0
2014-05-05,5.899220943450928,5.963694095611572,5.873432159423828,5.950798988342285,3.4513399600982666,18370039,0.0,0.0
2014-05-06,5.950798988342285,5.950798988342285,5.84764289855957,5.9250102043151855,3.436382532119751,19630579,0.0,0.0
2014-05-07,5.912116050720215,5.918562889099121,5.802513122558594,5.841196060180664,3.3877735137939453,11186807,0.0,0.0
2014-05-08,5.854091167449951,5.931457996368408,5.757381916046143,5.918562889099121,3.4326446056365967,22085895,0.0,0.0
2014-05-09,5.821855068206787,5.905669212341309,5.821855068206787,5.854091167449951,3.395251989364624,15992742,0.0,0.0
2014-05-12,5.873432159423828,5.886326789855957,5.731593132019043,5.821855068206787,3.376556158065796,12570190,0.0,0.0
2014-05-13,5.789618015289307,5.873432159423828,5.763829231262207,5.828301906585693,3.3802952766418457,11973811,0.0,0.0
2014-05-14,5.815406799316406,5.815406799316406,5.641332149505615,5.660674095153809,3.283074140548706,18391134,0.0,0.0
2014-05-15,5.6800150871276855,5.718698978424072,5.596200942993164,5.634884834289551,3.268116950988769,13032559,0.0,0.0
2014-05-16,5.596200942993164,5.673567771911621,5.551071166992188,5.609096050262451,3.253159284591675,9373162,0.0,0.0
2014-05-19,5.609096050262451,5.628437042236328,5.512386798858643,5.60264778137207,3.249420166015625,20466596,0.0,0.0
2014-05-20,5.621990203857422,5.667120933532715,5.557518005371094,5.615542888641357,3.256898641586304,8799273,0.0,0.0
2014-05-21,5.621990203857422,5.621990203857422,5.49949312210083,5.531729221343994,3.208290100097656,13799709,0.0,0.0
2014-05-22,5.505939960479736,5.596200942993164,5.486598014831543,5.576859951019287,3.234463214874268,10082303,0.0,0.0
2014-05-23,5.583306789398193,5.583306789398193,5.531729221343994,5.551071166992188,3.2195067405700684,2945602,0.0,0.0
2014-05-26,5.52528190612793,5.621990203857422,5.518834114074707,5.60264778137207,3.249420166015625,10635253,0.0,0.0
2014-05-27,5.596200942993164,5.628437042236328,5.531729221343994,5.5704121589660645,3.230724334716797,9978227,0.0,0.0
2014-05-28,5.641332149505615,5.7831711769104,5.609096050262451,5.763829231262207,3.3429031372070312,27432681,0.0,0.0
2014-05-30,5.738039970397949,5.821855068206787,5.705803871154785,5.757381916046143,3.339162349700928,13888895,0.0,0.0
2014-06-02,5.802513122558594,5.9250102043151855,5.796065807342529,5.8927741050720215,3.417686462402344,16450767,0.0,0.0
2014-06-03,5.886326789855957,5.976587772369385,5.873432159423828,5.944352149963379,3.447601318359375,15499352,0.0,0.0
2014-06-04,5.9250102043151855,5.9250102043151855,5.776723861694336,5.802513122558594,3.36533784866333,20006709,0.0,0.0
2014-06-05,5.738039970397949,5.899220943450928,5.7251458168029785,5.821855068206787,3.376556158065796,17731316,0.0,0.0
2014-06-06,5.9379048347473145,6.124875068664551,5.9379048347473145,6.073297023773193,3.522385835647583,33439130,0.0,0.0
2014-06-10,6.053955078125,6.15066385269165,5.995930194854736,6.099085807800293,3.537344217300415,21275005,0.0,0.0
2014-06-11,6.105533123016357,6.163558006286621,6.060401916503906,6.144216060638428,3.563517808914185,13730688,0.0,0.0
2014-06-12,6.073297023773193,6.144216060638428,6.041060924530029,6.124875068664551,3.5523006916046143,12501634,0.0,0.0
2014-06-13,6.157111167907715,6.2151360511779785,6.099085807800293,6.195794105529785,3.5934314727783203,14230436,0.0,0.0
2014-06-16,6.189346790313721,6.234477996826172,6.1377692222595215,6.182899951934815,3.585954666137696,11718353,0.0,0.0
2014-06-17,6.2151360511779785,6.2151360511779785,6.111979961395264,6.157111167907715,3.5709965229034424,15855784,0.0,0.0
2014-06-18,6.124875068664551,6.266714096069336,6.105533123016357,6.163558006286621,3.5747365951538086,13624751,0.0,0.0
2014-06-19,6.202241897583008,6.221582889556885,6.15066385269165,6.163558006286621,3.5747365951538086,21980578,0.0,0.0
2014-06-20,6.099085807800293,6.157111167907715,6.01527214050293,6.11842679977417,3.5485615730285645,29594848,0.0,0.0
2014-06-23,6.086191177368164,6.11842679977417,5.963694095611572,6.053955078125,3.511169195175171,21154953,0.0,0.0
2014-06-24,6.060401916503906,6.144216060638428,5.963694095611572,6.124875068664551,3.5523006916046143,16286046,0.0,0.0
2014-06-25,6.286056041717529,6.33763313293457,6.176453113555908,6.202241897583008,3.59717059135437,22594950,0.0,0.0
2014-06-26,6.195794105529785,6.286056041717529,6.124875068664551,6.202241897583008,3.59717059135437,13953263,0.0,0.0
2014-06-27,6.240924835205078,6.253818988800049,6.09263801574707,6.124875068664551,3.5523006916046143,16233000,0.0,0.0
2014-06-30,6.09263801574707,6.105533123016357,5.995930194854736,6.086191177368164,3.529865026473999,14681948,0.0,0.0
2014-07-01,6.144216060638428,6.240924835205078,6.105533123016357,6.202241897583008,3.59717059135437,23479825,0.0,0.0
2014-07-02,6.208689212799072,6.253818988800049,6.144216060638428,6.202241897583008,3.59717059135437,16008873,0.0,0.0
2014-07-03,6.221582889556885,6.260266780853272,6.002377033233643,6.060401916503906,3.5149054527282715,31598962,0.0,0.0
2014-07-04,6.066850185394287,6.15066385269165,6.021718978881836,6.11842679977417,3.579789400100708,17352704,0.052867,0.0
2014-07-07,6.189346790313721,6.273160934448242,6.189346790313721,6.253818988800049,3.6590054035186768,22857853,0.0,0.0
2014-07-08,6.318292140960693,6.356975078582764,6.234477996826172,6.344080924987793,3.711814165115357,21345888,0.0,0.0
2014-07-09,6.311844825744629,6.505261898040772,6.2989501953125,6.492366790771484,3.7985761165618896,27274474,0.0,0.0
2014-07-10,6.460131168365479,6.556839942932129,6.447237014770508,6.531051158905029,3.821208238601685,18532124,0.0,0.0
2014-07-11,6.511709213256836,6.5697340965271,6.466578006744385,6.556839942932129,3.8362975120544434,15082274,0.0,0.0
2014-07-14,6.511709213256836,6.543944835662842,6.434341907501221,6.485919952392578,3.7948038578033447,14926704,0.0,0.0
2014-07-15,6.531051158905029,6.659995079040527,6.524602890014648,6.647100925445557,3.889106750488281,23164341,0.0,0.0
2014-07-16,6.66644287109375,6.718019962310791,6.621312141418457,6.70512580871582,3.923055648803711,20501185,0.0,0.0
2014-07-17,6.756703853607178,6.91143798828125,6.730915069580078,6.898542881011963,4.036223411560059,28888809,0.0,0.0
2014-07-18,6.840517997741699,6.930778980255127,6.8276238441467285,6.85341215133667,4.009816646575928,20713369,0.0,0.0
2014-07-21,6.91143798828125,7.0726189613342285,6.892096042633057,7.059723854064941,4.1305251121521,32015109,0.0,0.0
2014-07-22,7.1241960525512695,7.208010196685791,7.014593124389648,7.0919599533081055,4.1550774574279785,27477662,0.009671,0.0
2014-07-23,7.079065799713135,7.253140926361084,7.001698970794678,7.22090482711792,4.230625629425049,24243098,0.0,0.0
2014-07-24,7.227352142333984,7.298272132873535,7.066171169281006,7.18222188949585,4.207962512969971,26233873,0.0,0.0
2014-07-25,7.0726189613342285,7.175774097442627,6.969462871551514,7.021040916442871,4.113528728485107,18521732,0.0,0.0
2014-07-28,6.982357025146484,7.0726189613342285,6.95012092590332,7.027488231658936,4.117307662963867,24413093,0.0,0.0
2014-07-29,7.111301898956299,7.15643310546875,6.808281898498535,6.859859943389893,4.019094944000244,22835518,0.0,0.0
2014-07-30,6.750257015228272,6.872754096984863,6.711573123931885,6.788939952850342,3.9775428771972656,27893343,0.0,0.0
2014-07-31,6.718019962310791,6.763151168823242,6.627758979797363,6.718019962310791,3.935992002487183,21296254,0.0,0.0
2014-08-01,6.718019962310791,6.788939952850342,6.647100925445557,6.711573123931885,3.932214975357056,12740031,0.0,0.0
2014-08-04,6.582627773284912,6.653547763824463,6.434341907501221,6.479473114013672,3.796229839324951,26690658,0.0,0.0
2014-08-05,6.453683853149414,6.6342058181762695,6.440789222717285,6.601970195770264,3.8680014610290527,16872188,0.0,0.0
2014-08-06,6.64065408706665,7.027488231658936,6.64065408706665,6.808281898498535,3.988875150680542,32659261,0.0,0.0
2014-08-07,6.930778980255127,6.988803863525391,6.788939952850342,6.821176052093506,3.996429204940796,18374847,0.0,0.0
2014-08-08,6.776045799255371,6.892096042633057,6.730915069580078,6.8276238441467285,4.000209331512451,32198443,0.0,0.0
2014-08-11,6.743809223175049,6.795386791229248,6.582627773284912,6.595522880554199,3.864224195480346,25275633,0.0,0.0
2014-08-12,6.440789222717285,6.531051158905029,6.402105808258057,6.531051158905029,3.826450347900391,17569541,0.0,0.0
2014-08-13,6.485919952392578,6.601970195770264,6.39565896987915,6.447237014770508,3.7773451805114746,23677429,0.0,0.0
2014-08-14,6.408553123474121,6.518156051635742,6.356975078582764,6.485919952392578,3.800008535385132,11881833,0.0,0.0
2014-08-15,6.4278950691223145,6.466578006744385,6.2989501953125,6.2989501953125,3.690464735031128,17477254,0.0,0.0
2014-08-18,6.318292140960693,6.595522880554199,6.292502880096436,6.531051158905029,3.826450347900391,13847637,0.0,0.0
2014-08-19,6.047507762908936,6.260266780853272,6.034613132476807,6.099085807800293,3.5733683109283447,25131540,0.0,0.0
2014-08-20,6.060401916503906,6.09263801574707,5.828301906585693,5.976587772369385,3.501598834991455,39395945,0.0,0.0
2014-08-21,5.8927741050720215,5.912116050720215,5.718698978424072,5.796065807342529,3.395832061767578,35051293,0.0,0.0
2014-08-22,5.828301906585693,6.047507762908936,5.7831711769104,5.944352149963379,3.4827115535736084,28537030,0.0,0.0
2014-08-25,5.989482879638672,6.105533123016357,5.944352149963379,6.073297023773193,3.5582590103149414,15070176,0.0,0.0
2014-08-26,6.756703853607178,6.88564920425415,6.440789222717285,6.473024845123291,3.7924530506134033,41294898,0.0,0.0
2014-08-27,6.582627773284912,6.64065408706665,6.434341907501221,6.492366790771484,3.803786993026733,30036897,0.0,0.0
2014-08-28,6.601970195770264,6.601970195770264,6.266714096069336,6.414999961853027,3.75845718383789,27332328,0.0,0.0
2014-08-29,6.511709213256836,6.576180934906006,6.440789222717285,6.453683853149414,3.7811224460601807,22563463,0.0,0.0
2014-09-01,6.202241897583008,6.202241897583008,6.202241897583008,6.202241897583008,3.6338050365448,15676948,0.0,0.0
2014-09-02,6.453683853149414,6.756703853607178,6.389211177825928,6.60841703414917,3.871778964996338,31368320,0.0,0.0
2014-09-03,6.576180934906006,6.801835060119629,6.531051158905029,6.698678970336914,3.924659490585327,26990166,0.0,0.0
2014-09-04,6.511709213256836,6.550392150878906,6.195794105529785,6.447237014770508,3.7773451805114746,34968312,0.0,0.0
2014-09-05,6.189346790313721,6.402105808258057,6.163558006286621,6.2151360511779785,3.6413607597351074,24929748,0.0,0.0
2014-09-08,6.350527763366699,6.460131168365479,6.273160934448242,6.414999961853027,3.75845718383789,24832808,0.0,0.0
2014-09-09,6.286056041717529,6.286056041717529,6.286056041717529,6.286056041717529,3.6829097270965576,17222571,0.0,0.0
2014-09-10,5.899220943450928,5.899220943450928,5.899220943450928,5.899220943450928,3.456270933151245,37119621,0.0,0.0
2014-09-11,5.866984844207764,6.008823871612549,5.821855068206787,5.866984844207764,3.437383890151977,21747455,0.0,0.0
2014-09-12,5.77027702331543,5.841196060180664,5.5704121589660645,5.609096050262451,3.286290407180786,41313976,0.0,0.0
2014-09-15,5.673567771911621,6.008823871612549,5.589754104614258,5.776723861694336,3.3845014572143555,57202798,0.0,0.0
2014-09-16,5.686462879180908,5.686462879180908,5.686462879180908,5.686462879180908,3.331618070602417,111331262,0.0,0.0
2014-09-17,5.796065807342529,5.9379048347473145,5.744487762451172,5.905669212341309,3.4600472450256348,36045363,0.0,0.0
2014-09-18,5.873432159423828,5.963694095611572,5.699357032775879,5.7251458168029785,3.354280948638916,24240926,0.0,0.0
2014-09-19,5.879879951477051,6.170004844665527,5.84764289855957,6.163558006286621,3.611142158508301,32110809,0.0,0.0
2014-09-22,6.208689212799072,6.376317024230957,6.176453113555908,6.376317024230957,3.735794067382813,37817129,0.0,0.0
2014-09-23,6.331185817718506,6.408553123474121,6.202241897583008,6.344080924987793,3.7169055938720703,19510683,0.0,0.0
2014-09-24,6.543944835662842,6.5697340965271,6.369870185852051,6.460131168365479,3.784898519515991,31621297,0.0,0.0
2014-09-25,6.4278950691223145,6.531051158905029,6.369870185852051,6.421448230743408,3.762235403060913,21756141,0.0,0.0
2014-09-26,6.350527763366699,6.369870185852051,6.163558006286621,6.182899951934815,3.622472763061523,25346826,0.0,0.0
2014-09-29,6.182899951934815,6.331185817718506,6.11842679977417,6.286056041717529,3.6829097270965576,18813485,0.0,0.0
2014-09-30,6.369870185852051,6.440789222717285,6.266714096069336,6.286056041717529,3.6829097270965576,17272825,0.0,0.0
2014-10-01,6.260266780853272,6.369870185852051,6.189346790313721,6.253818988800049,3.6640236377716064,16609130,0.0,0.0
2014-10-02,6.253818988800049,6.453683853149414,6.202241897583008,6.318292140960693,3.7017993927001953,12875437,0.0,0.0
2014-10-03,6.344080924987793,6.39565896987915,6.086191177368164,6.09263801574707,3.5695903301239014,24148328,0.0,0.0
2014-10-06,6.053955078125,6.170004844665527,5.950798988342285,6.157111167907715,3.607363700866699,24429534,0.0,0.0
2014-10-07,6.15066385269165,6.195794105529785,6.028165817260742,6.09263801574707,3.5695903301239014,18310944,0.0,0.0
2014-10-08,6.111979961395264,6.3247389793396,6.041060924530029,6.266714096069336,3.6715786457061768,21096634,0.0,0.0
2014-10-09,6.2989501953125,6.576180934906006,6.247372150421143,6.511709213256836,3.815117597579956,27751267,0.0,0.0
2014-10-10,6.531051158905029,6.924332141876221,6.531051158905029,6.892096042633057,4.0379815101623535,41340809,0.0,0.0
2014-10-13,7.008145809173584,7.0919599533081055,6.70512580871582,6.756703853607178,3.958656311035156,40776537,0.0,0.0
2014-10-14,6.8276238441467285,6.930778980255127,6.730915069580078,6.88564920425415,4.034204483032227,28409844,0.0,0.0
2014-10-15,6.95012092590332,6.956567764282227,6.750257015228272,6.782493114471436,3.973765373229981,20228200,0.0,0.0
2014-10-16,6.795386791229248,6.904990196228027,6.679337024688721,6.730915069580078,3.943548202514648,15203722,0.0,0.0
2014-10-17,6.750257015228272,6.8276238441467285,6.692232131958008,6.769598007202148,3.9662117958068848,13533083,0.0,0.0
2014-10-20,6.60841703414917,6.621312141418457,6.33763313293457,6.408553123474121,3.76005220413208,51257191,0.009671,0.0
2014-10-21,6.537497997283936,6.543944835662842,6.260266780853272,6.402105808258057,3.756268978118897,22157764,0.0,0.0
2014-10-22,6.402105808258057,6.492366790771484,6.344080924987793,6.460131168365479,3.7903146743774414,26816420,0.0,0.0
2014-10-23,6.505261898040772,6.524602890014648,6.234477996826172,6.318292140960693,3.707094430923462,24219112,0.0,0.0
2014-10-24,6.33763313293457,6.473024845123291,6.279607772827148,6.453683853149414,3.786532640457153,40724139,0.0,0.0
2014-10-27,6.447237014770508,6.492366790771484,6.144216060638428,6.208689212799072,3.642786741256714,17741778,0.0,0.0
2014-10-28,6.124875068664551,6.305397033691406,6.124875068664551,6.266714096069336,3.6768312454223633,40133188,0.0,0.0
2014-10-29,6.228030204772949,6.318292140960693,6.111979961395264,6.15066385269165,3.608741283416748,24664688,0.0,0.0
2014-10-30,6.221582889556885,6.253818988800049,6.073297023773193,6.228030204772949,3.654135227203369,18166484,0.0,0.0
2014-10-31,6.163558006286621,6.228030204772949,5.899220943450928,5.899220943450928,3.461214065551758,30744388,0.0,0.0
2014-11-03,5.9379048347473145,5.989482879638672,5.6477789878845215,5.776723861694336,3.3893423080444336,32227194,0.0,0.0
2014-11-04,5.673567771911621,5.886326789855957,5.609096050262451,5.77027702331543,3.385560274124145,33294739,0.0,0.0
2014-11-05,5.866984844207764,6.240924835205078,5.841196060180664,6.099085807800293,3.5784802436828613,49480814,0.0,0.0
2014-11-06,6.157111167907715,6.273160934448242,6.034613132476807,6.060401916503906,3.555782556533813,25940074,0.0,0.0
2014-11-07,6.15066385269165,6.208689212799072,6.073297023773193,6.182899951934815,3.627655506134033,51814583,0.0,0.0
2014-11-10,6.163558006286621,6.234477996826172,6.060401916503906,6.202241897583008,3.652563095092773,22394089,0.022952,0.0
2014-11-11,6.202241897583008,6.253818988800049,6.099085807800293,6.208689212799072,3.6563596725463854,15241623,0.0,0.0
2014-11-12,6.157111167907715,6.228030204772949,6.099085807800293,6.111979961395264,3.599406719207764,8755124,0.0,0.0
2014-11-13,6.124875068664551,6.176453113555908,6.0797438621521,6.131321907043457,3.61079740524292,15041679,0.0,0.0
2014-11-14,6.157111167907715,6.170004844665527,6.053955078125,6.053955078125,3.565235137939453,13800837,0.0,0.0
2014-11-17,6.034613132476807,6.09263801574707,5.879879951477051,5.912116050720215,3.4817054271698,16825657,0.0,0.0
2014-11-18,5.821855068206787,6.021718978881836,5.789618015289307,5.931457996368408,3.493095636367798,32043804,0.0,0.0
2014-11-19,5.944352149963379,5.995930194854736,5.860538005828857,5.976587772369385,3.5196738243103027,52537234,0.0,0.0
2014-11-20,6.09263801574707,6.292502880096436,6.0797438621521,6.202241897583008,3.652563095092773,30936042,0.0,0.0
2014-11-21,6.253818988800049,6.305397033691406,6.105533123016357,6.266714096069336,3.690531015396118,24514997,0.0,0.0
2014-11-24,6.202241897583008,6.240924835205078,6.008823871612549,6.047507762908936,3.5614383220672607,15153623,0.0,0.0
2014-11-25,5.995930194854736,6.073297023773193,5.8927741050720215,5.944352149963379,3.50068998336792,23994464,0.0,0.0
2014-11-26,5.983035087585449,6.11842679977417,5.957246780395508,5.963694095611572,3.512080430984497,27301307,0.0,0.0
2014-11-27,5.886326789855957,6.105533123016357,5.886326789855957,5.995930194854736,3.531064033508301,19080886,0.0,0.0
2014-11-28,6.034613132476807,6.2151360511779785,5.983035087585449,5.983035087585449,3.523470401763916,22546712,0.0,0.0
2014-12-01,6.021718978881836,6.1377692222595215,5.970140933990479,6.09263801574707,3.588017702102661,21644310,0.0,0.0
2014-12-02,6.066850185394287,6.124875068664551,5.815406799316406,5.815406799316406,3.424752950668335,18038269,0.0,0.0
2014-12-03,5.912116050720215,6.01527214050293,5.854091167449951,5.931457996368408,3.493095636367798,32530834,0.0,0.0
2014-12-04,5.970140933990479,6.2151360511779785,5.957246780395508,6.170004844665527,3.633578538894653,46410888,0.0,0.0
2014-12-05,6.228030204772949,6.318292140960693,6.176453113555908,6.234477996826172,3.671548128128052,44062906,0.0,0.0
2014-12-08,6.228030204772949,6.318292140960693,6.09263801574707,6.189346790313721,3.6449711322784415,34353630,0.0,0.0
2014-12-09,6.124875068664551,6.240924835205078,6.086191177368164,6.182899951934815,3.6411736011505127,27078111,0.0,0.0
2014-12-10,6.124875068664551,6.247372150421143,6.060401916503906,6.182899951934815,3.6411736011505127,23190554,0.0,0.0
2014-12-11,6.11842679977417,6.221582889556885,6.053955078125,6.053955078125,3.565235137939453,20418048,0.0,0.0
2014-12-12,6.073297023773193,6.157111167907715,5.970140933990479,6.01527214050293,3.542454957962036,22535700,0.0,0.0
2014-12-15,5.931457996368408,5.976587772369385,5.879879951477051,5.8927741050720215,3.4703149795532227,41247591,0.0,0.0
2014-12-16,5.944352149963379,6.041060924530029,5.8927741050720215,5.950798988342285,3.504485607147217,25001407,0.0,0.0
2014-12-17,6.176453113555908,6.208689212799072,6.0797438621521,6.144216060638428,3.618391752243042,37966030,0.0,0.0
2014-12-18,6.163558006286621,6.492366790771484,6.1377692222595215,6.369870185852051,3.7512810230255127,59291134,0.0,0.0
2014-12-19,6.350527763366699,6.485919952392578,6.305397033691406,6.369870185852051,3.7512810230255127,49966055,0.0,0.0
2014-12-22,6.350527763366699,6.447237014770508,6.260266780853272,6.447237014770508,3.796844959259033,37236726,0.0,0.0
2014-12-23,6.414999961853027,6.460131168365479,6.382763862609863,6.402105808258057,3.770266532897949,29428420,0.0,0.0
2014-12-29,6.402105808258057,6.453683853149414,6.318292140960693,6.318292140960693,3.7209062576293945,36955520,0.0,0.0
2014-12-30,6.190720081329346,6.223031044006348,5.951621055603027,6.07440185546875,3.650554656982422,36717149,0.126828,0.0
2015-01-02,6.132561206817627,6.235955238342285,6.113174915313721,6.151947021484375,3.697156667709351,18706834,0.0,0.0
2015-01-05,6.229493141174316,6.397508144378662,6.216568946838379,6.365198135375977,3.825316429138184,29783368,0.0,0.0
2015-01-06,6.468592166900635,6.565524101257324,6.403969764709473,6.462130069732666,3.8835699558258057,24089115,0.0,0.0
2015-01-07,6.436281204223633,6.520288944244385,6.391046047210693,6.449204921722412,3.875802516937256,25219702,0.0,0.0
2015-01-08,6.481515884399414,6.494440078735352,6.371660232543945,6.462130069732666,3.8835699558258057,16298650,0.0,0.0
2015-01-09,6.397508144378662,6.578447818756104,6.384583950042725,6.5073652267456055,3.910754442214966,21742211,0.0,0.0
2015-01-12,6.546136856079102,6.59783411026001,6.442742824554443,6.565524101257324,3.9457058906555176,28225522,0.0,0.0
2015-01-13,6.449204921722412,6.591372013092041,6.449204921722412,6.591372013092041,3.961240768432617,21857653,0.0,0.0
2015-01-14,6.59783411026001,6.630145072937012,6.5267510414123535,6.630145072937012,3.98454213142395,18032444,0.0,0.0
2015-01-15,6.630145072937012,6.759387969970703,6.487977981567383,6.520288944244385,3.918522119522095,35795936,0.0,0.0
2015-01-16,6.50090217590332,6.565524101257324,6.423357009887695,6.455667972564697,3.885462284088135,17467769,0.009693,0.0
2015-01-19,6.487977981567383,6.5073652267456055,6.416894912719727,6.468592166900635,3.893242359161377,17948416,0.0,0.0
2015-01-20,6.397508144378662,6.442742824554443,6.339348793029785,6.416894912719727,3.862127542495728,23518870,0.0,0.0
2015-01-21,6.429819107055664,6.462130069732666,6.313500881195068,6.391046047210693,3.8465688228607178,44558062,0.0,0.0
2015-01-22,6.365198135375977,6.436281204223633,6.184257984161377,6.255341053009033,3.7648909091949454,24143122,0.0,0.0
2015-01-23,6.190720081329346,6.216568946838379,6.022705078125,6.093788146972656,3.667658567428589,23826663,0.0,0.0
2015-01-26,6.016242980957031,6.106711864471436,5.919311046600342,5.945158958435059,3.5782036781311035,38521508,0.0,0.0
2015-01-27,6.029167175292969,6.1971821784973145,5.964546203613281,6.145484924316406,3.69877290725708,35455336,0.0,0.0
2015-01-28,6.261804103851318,6.268266201019287,6.1196370124816895,6.17133378982544,3.714332103729248,22205216,0.0,0.0
2015-01-29,6.016242980957031,6.15841007232666,6.016242980957031,6.126099109649658,3.687103986740112,21469081,0.0,0.0
2015-01-30,6.1971821784973145,6.21010684967041,6.087326049804688,6.145484924316406,3.69877290725708,19547579,0.0,0.0
2015-02-02,6.15841007232666,6.332887172698975,6.145484924316406,6.294114112854004,3.788226366043091,28496485,0.0,0.0
2015-02-03,6.261804103851318,6.559062004089356,6.242416858673096,6.539675235748291,3.9360239505767822,29993670,0.0,0.0
2015-02-04,6.533213138580322,6.546136856079102,6.416894912719727,6.546136856079102,3.9399120807647705,17469317,0.0,0.0
2015-02-05,6.591372013092041,6.681841850280762,6.520288944244385,6.520288944244385,3.924354553222656,31887627,0.0,0.0
2015-02-06,6.5267510414123535,6.578447818756104,6.455667972564697,6.513826847076416,3.920467376708984,20985185,0.0,0.0
2015-02-09,6.533213138580322,6.584909915924072,6.429819107055664,6.50090217590332,3.9126882553100586,17614625,0.0,0.0
2015-02-10,6.565524101257324,6.681841850280762,6.475053787231445,6.546136856079102,3.9399120807647705,24830821,0.0,0.0
2015-02-11,6.468592166900635,6.487977981567383,6.332887172698975,6.358736038208008,3.8271234035491934,29463504,0.0,0.0
2015-02-12,6.326425075531006,6.365198135375977,6.1971821784973145,6.235955238342285,3.753223180770874,40499339,0.0,0.0
2015-02-13,6.268266201019287,6.468592166900635,6.242416858673096,6.429819107055664,3.8699042797088623,25948873,0.0,0.0
2015-02-16,6.352272987365723,6.533213138580322,6.326425075531006,6.449204921722412,3.8815722465515137,20518156,0.0,0.0
2015-02-17,6.571986198425293,6.720614910125732,6.5267510414123535,6.675380229949951,4.017700672149658,32468550,0.0,0.0
2015-02-18,6.778773784637451,6.86924409866333,6.746462821960449,6.791697978973389,4.08770751953125,30802691,0.0,0.0
2015-02-19,6.901554107666016,6.953251838684082,6.798160076141357,6.914478778839111,4.161606311798096,23945664,0.0,0.0
2015-02-20,6.914478778839111,6.992023944854736,6.804623126983643,6.901554107666016,4.153826713562012,15361962,0.0,0.0
2015-02-23,6.979100227355957,7.024334907531738,6.836933135986328,6.888629913330078,4.1460490226745605,24565738,0.0,0.0
2015-02-24,6.804623126983643,6.817546844482422,6.668918132781982,6.759387969970703,4.068263053894043,33314401,0.0,0.0
2015-02-25,6.727077007293701,6.908017158508301,6.662456035614014,6.804623126983643,4.095487117767334,27359090,0.0,0.0
2015-02-26,6.811085224151611,6.895092010498047,6.759387969970703,6.798160076141357,4.091597080230713,19952089,0.0,0.0
2015-02-27,6.862782001495361,6.862782001495361,6.707691192626953,6.765850067138672,4.072153091430664,11819322,0.0,0.0
2015-03-02,6.752924919128418,6.901554107666016,6.746462821960449,6.86924409866333,4.134381771087647,19661318,0.0,0.0
2015-03-03,6.824008941650391,6.86924409866333,6.740001201629639,6.836933135986328,4.114933490753174,22539471,0.0,0.0
2015-03-04,6.804623126983643,6.830471038818359,6.746462821960449,6.759387969970703,4.068263053894043,29272700,0.0,0.0
2015-03-05,6.791697978973389,6.804623126983643,6.662456035614014,6.6883039474487305,4.025479316711426,10395333,0.0,0.0
2015-03-06,6.720614910125732,6.804623126983643,6.694766044616699,6.740001201629639,4.0565948486328125,26251715,0.0,0.0
2015-03-09,6.707691192626953,6.836933135986328,6.681841850280762,6.817546844482422,4.10326623916626,27204342,0.0,0.0
2015-03-10,6.849856853485107,7.05664587020874,6.811085224151611,7.0437211990356445,4.239392757415772,46677797,0.0,0.0
2015-03-11,7.011411190032959,7.108343124389648,6.914478778839111,6.985561847686768,4.204388618469238,27434452,0.0,0.0
2015-03-12,7.037259101867676,7.05664587020874,6.901554107666016,6.940327167510986,4.177164077758789,30984829,0.0,0.0
2015-03-13,6.908017158508301,6.914478778839111,6.817546844482422,6.908017158508301,4.157718181610107,18845952,0.0,0.0
2015-03-16,6.901554107666016,6.959713935852051,6.78523588180542,6.856319904327393,4.1266021728515625,25283458,0.0,0.0
2015-03-17,6.959713935852051,7.0178728103637695,6.901554107666016,6.92094087600708,4.165496826171875,15822646,0.0,0.0
2015-03-18,6.831117153167725,6.973283767700195,6.767141819000244,6.838225841522217,4.115711688995361,24129251,0.0,1.1
2015-03-19,6.859550952911377,6.916417121887207,6.632083892822266,6.767141819000244,4.0729289054870605,24010939,0.0,0.0
2015-03-20,6.752924919128418,6.824008941650391,6.66051721572876,6.8097920417785645,4.098598480224609,12172597,0.0,0.0
2015-03-23,6.859550952911377,6.923525810241699,6.760034084320068,6.902201175689697,4.15421724319458,19095307,0.0,0.0
2015-03-24,6.895092010498047,6.951959133148193,6.845334053039551,6.923525810241699,4.167050838470459,13639746,0.0,0.0
2015-03-25,6.873766899108887,6.930634021759033,6.838225841522217,6.859550952911377,4.128546237945557,11813582,0.0,0.0
2015-03-26,6.859550952911377,6.887983798980713,6.717383861541748,6.731599807739258,4.05153751373291,16966682,0.0,0.0
2015-03-27,6.752924919128418,6.831117153167725,6.703166961669922,6.788466930389404,4.085764408111572,12837590,0.0,0.0
2015-03-30,6.788466930389404,6.887983798980713,6.731599807739258,6.859550952911377,4.128546237945557,12906242,0.0,0.0
2015-03-31,6.902201175689697,6.902201175689697,6.674734115600586,6.774250984191895,4.077208995819092,20645458,0.0,0.0
2015-04-01,6.738708972930908,6.767141819000244,6.6107587814331055,6.667624950408936,4.01303243637085,12742491,0.0,0.0
2015-04-07,6.6107587814331055,6.681841850280762,6.568109035491943,6.603650093078613,3.9745280742645264,24917761,0.0,0.0
2015-04-08,6.546783924102783,6.589434146881104,6.468592166900635,6.589434146881104,3.965972900390625,31011023,0.0,0.0
2015-04-09,6.489916801452637,6.560999870300293,6.390399932861328,6.397508144378662,3.850457191467285,41761630,0.0,0.0
2015-04-10,6.404616832733154,6.532567024230957,6.376183032989502,6.468592166900635,3.893242359161377,26391241,0.0,0.0
2015-04-13,6.4259419441223145,6.468592166900635,6.326425075531006,6.361967086791992,3.829065799713135,24073261,0.0,0.0
2015-04-14,6.397508144378662,6.539675235748291,6.326425075531006,6.518350124359131,3.923187255859375,42792109,0.0,0.0
2015-04-15,6.45437479019165,6.504133224487305,6.404616832733154,6.4828081130981445,3.90179705619812,38559618,0.0,0.0
2015-04-16,6.489916801452637,6.489916801452637,6.262450218200684,6.269557952880859,3.773448944091797,39373028,0.0,0.0
2015-04-17,6.29088306427002,6.347750186920166,6.219799995422363,6.262450218200684,3.775592088699341,19376104,0.010663,0.0
2015-04-20,6.29088306427002,6.4756999015808105,6.29088306427002,6.45437479019165,3.891302108764648,25659988,0.0,0.0
2015-04-21,6.45437479019165,6.45437479019165,6.305099964141846,6.31220817565918,3.8055925369262695,24548617,0.0,0.0
2015-04-22,6.2837748527526855,6.319316864013672,6.113174915313721,6.113174915313721,3.685594081878662,22763251,0.0,0.0
2015-04-23,6.148715972900391,6.198474884033203,6.113174915313721,6.134500026702881,3.6984517574310303,36683231,0.0,0.0
2015-04-24,6.148715972900391,6.262450218200684,6.113174915313721,6.148715972900391,3.707022190093994,51547314,0.0,0.0
2015-04-27,6.234015941619873,6.31220817565918,6.162932872772217,6.191366195678711,3.732736349105835,39390473,0.0,0.0
2015-04-28,6.248232841491699,6.248232841491699,6.077632904052734,6.098958015441895,3.677022933959961,45503712,0.0,0.0
2015-04-29,6.042090892791748,6.127390861511231,6.027873992919922,6.084741115570068,3.6684529781341553,38089888,0.0,0.0
2015-04-30,6.049200057983398,6.155825138092041,5.992332935333252,6.148715972900391,3.707022190093994,21968973,0.0,0.0
2015-05-04,6.170041084289551,6.376183032989502,6.113174915313721,6.354857921600342,3.831303596496582,33290739,0.0,0.0
2015-05-05,6.326425075531006,6.376183032989502,6.226908206939697,6.255341053009033,3.771304845809937,23845359,0.0,0.0
2015-05-06,6.2837748527526855,6.518350124359131,6.226908206939697,6.447267055511475,3.887017011642456,28240476,0.0,0.0
2015-05-07,6.369074821472168,6.440157890319824,6.29088306427002,6.340641975402832,3.822733402252197,23410096,0.0,0.0
2015-05-08,6.383292198181152,6.433050155639648,6.333532810211182,6.376183032989502,3.84416127204895,21400908,0.0,0.0
2015-05-11,6.397508144378662,6.461483001708984,6.354857921600342,6.376183032989502,3.84416127204895,29452714,0.0,0.0
2015-05-12,6.383292198181152,6.4259419441223145,6.326425075531006,6.361967086791992,3.8355906009674072,22028902,0.0,0.0
2015-05-13,6.361967086791992,6.383292198181152,6.205583095550537,6.255341053009033,3.771304845809937,20684426,0.0,0.0
2015-05-15,6.27666711807251,6.404616832733154,6.255341053009033,6.390399932861328,3.852731943130493,17252121,0.0,0.0
2015-05-18,6.29799222946167,6.340641975402832,6.212690830230713,6.31220817565918,3.8055925369262695,12783288,0.0,0.0
2015-05-19,6.326425075531006,6.390399932861328,6.29088306427002,6.333532810211182,3.818446636199951,21096899,0.0,0.0
2015-05-20,6.383292198181152,6.397508144378662,6.255341053009033,6.319316864013672,3.809875965118408,15049920,0.0,0.0
2015-05-21,6.383292198181152,6.447267055511475,6.319316864013672,6.4259419441223145,3.874160289764404,13300286,0.0,0.0
2015-05-22,6.361967086791992,6.390399932861328,6.2837748527526855,6.319316864013672,3.809875965118408,10459962,0.0,0.0
2015-05-26,6.255341053009033,6.333532810211182,6.184257984161377,6.262450218200684,3.775592088699341,17751534,0.0,0.0
2015-05-27,6.226908206939697,6.255341053009033,6.141608238220215,6.226908206939697,3.754165172576904,22189418,0.0,0.0
2015-05-28,6.212690830230713,6.262450218200684,6.162932872772217,6.226908206939697,3.754165172576904,19266515,0.0,0.0
2015-05-29,6.354857921600342,6.418832778930664,6.269557952880859,6.383292198181152,3.848445415496826,22833731,0.0,0.0
2015-06-01,6.433050155639648,6.497025012969971,6.369074821472168,6.390399932861328,3.852731943130493,13594588,0.0,0.0
2015-06-02,6.369074821472168,6.440157890319824,6.326425075531006,6.390399932861328,3.852731943130493,13092221,0.0,0.0
2015-06-03,6.390399932861328,6.404616832733154,6.31220817565918,6.347750186920166,3.8270187377929688,12214098,0.0,0.0
2015-06-04,6.397508144378662,6.433050155639648,6.305099964141846,6.347750186920166,3.8270187377929688,11037593,0.0,0.0
2015-06-05,6.354857921600342,6.397508144378662,6.241125106811523,6.255341053009033,3.771304845809937,13585303,0.0,0.0
2015-06-08,6.262450218200684,6.31220817565918,6.198474884033203,6.269557952880859,3.779878616333008,15830693,0.0,0.0
2015-06-09,6.2837748527526855,6.326425075531006,6.219799995422363,6.262450218200684,3.775592088699341,22729628,0.0,0.0
2015-06-10,6.205583095550537,6.248232841491699,6.134500026702881,6.170041084289551,3.719879627227783,28495951,0.0,0.0
2015-06-11,6.134500026702881,6.184257984161377,5.793299198150635,5.850165843963623,3.527027606964112,51547595,0.0,0.0
2015-06-12,5.892816066741943,5.892816066741943,5.615591049194336,5.686674118041992,3.428460121154785,51616528,0.0,0.0
2015-06-15,5.651132106781006,5.736432075500488,5.629806995391846,5.686674118041992,3.428460121154785,48963449,0.0,0.0
2015-06-16,5.764865875244141,5.828841209411621,5.572940826416016,5.7435407638549805,3.462744235992432,57430682,0.0,0.0
2015-06-17,5.700891017913818,5.892816066741943,5.679565906524658,5.864383220672607,3.535600423812866,49219345,0.0,0.0
2015-06-18,5.878599166870117,5.921248912811279,5.707999229431152,5.786190986633301,3.488458633422852,19468812,0.0,0.0
2015-06-19,5.807516098022461,5.971007823944092,5.77908182144165,5.971007823944092,3.599882841110229,29500967,0.0,0.0
2015-06-22,5.92835807800293,6.006548881530762,5.835948944091797,5.992332935333252,3.612739324569702,23961983,0.0,0.0
2015-06-23,5.94968318939209,6.006548881530762,5.757757186889648,5.828841209411621,3.514172315597534,39280883,0.0,0.0
2015-06-24,5.9070329666137695,5.921248912811279,5.77908182144165,5.807516098022461,3.501314640045166,20467357,0.0,0.0
2015-06-25,5.736432075500488,5.828841209411621,5.665349006652832,5.686674118041992,3.428460121154785,57305337,0.0,0.0
2015-06-26,5.686674118041992,5.707999229431152,5.494749069213867,5.508965015411377,3.321319818496704,39256405,0.0,0.0
2015-06-29,5.58004903793335,5.629806995391846,5.508965015411377,5.58004903793335,3.364175319671631,34134677,0.0,0.0
2015-06-30,5.58004903793335,5.615591049194336,5.444990158081055,5.508965015411377,3.321319818496704,38385878,0.0,0.0
2015-07-01,5.459207057952881,5.544507026672363,5.4165568351745605,5.487639904022217,3.308462381362915,67581571,0.0,0.0
2015-07-02,5.473423957824707,5.508965015411377,5.324149131774902,5.388123989105225,3.2852768898010254,45533817,0.061487,0.0
2015-07-03,5.388123989105225,5.423665046691895,5.309932231903076,5.373907089233398,3.276608467102051,18986140,0.0,0.0
2015-07-06,5.331256866455078,5.466314792633057,5.331256866455078,5.338365077972412,3.2549376487731934,14123825,0.0,0.0
2015-07-07,5.338365077972412,5.452098846435547,5.2317399978637695,5.295714855194092,3.228933095932007,47207343,0.0,0.0
2015-07-08,5.27439022064209,5.309932231903076,5.103789806365967,5.217523097991943,3.181257724761963,31008632,0.0,0.0
2015-07-09,5.153547763824463,5.25306510925293,5.103789806365967,5.203307151794434,3.1725881099700928,25495955,0.0,0.0
2015-07-10,5.132223129272461,5.267282009124756,5.110898017883301,5.160656929016113,3.146583080291748,32550763,0.0,0.0
2015-07-13,4.92608118057251,5.160656929016113,4.833673000335693,5.054030895233154,3.081571340560913,40956520,0.0,0.0
2015-07-14,5.25306510925293,5.267282009124756,5.054030895233154,5.061140060424805,3.0859053134918213,37268881,0.0,0.0
2015-07-15,5.118007183074951,5.359690189361572,5.075356960296631,5.359690189361572,3.2679383754730225,48373438,0.0,0.0
2015-07-16,5.430774211883545,5.629806995391846,5.395232200622559,5.523181915283203,3.367624282836914,53273314,0.0,0.0
2015-07-17,5.423665046691895,5.544507026672363,5.302823066711426,5.345473766326904,3.259271144866944,31600472,0.0,0.0
2015-07-20,5.25306510925293,5.295714855194092,5.118007183074951,5.174872875213623,3.155252456665039,45503993,0.0,0.0
2015-07-21,5.018489837646484,5.181982040405273,5.018489837646484,5.125114917755127,3.131365776062012,35210736,0.010663,0.0
2015-07-22,5.167765140533447,5.203307151794434,5.096682071685791,5.160656929016113,3.153080940246582,21679313,0.0,0.0
2015-07-23,5.210414886474609,5.3667988777160645,5.118007183074951,5.317039966583252,3.248629331588745,31075314,0.0,0.0
2015-07-24,5.238848209381104,5.281497955322266,5.189089775085449,5.189089775085449,3.17045259475708,25437010,0.0,0.0
2015-07-27,5.331256866455078,5.331256866455078,5.217523097991943,5.217523097991943,3.1878254413604736,16227691,0.0,0.0
2015-07-28,5.295714855194092,5.423665046691895,5.2601728439331055,5.27439022064209,3.2225706577301025,29953674,0.0,0.0
2015-07-29,5.082465171813965,5.210414886474609,5.061140060424805,5.118007183074951,3.1270227432250977,45569409,0.0,0.0
2015-07-30,5.118007183074951,5.281497955322266,5.096682071685791,5.2601728439331055,3.213883638381958,58127891,0.0,0.0
2015-07-31,5.302823066711426,5.537398815155029,5.2601728439331055,5.516074180603027,3.370234727859497,47356042,0.0,0.0
2015-08-03,5.473423957824707,5.572940826416016,5.388123989105225,5.480532169342041,3.3485195636749268,69174066,0.0,0.0
2015-08-04,5.530290126800537,5.629806995391846,5.494749069213867,5.594265937805176,3.418009281158448,55865479,0.0,0.0
2015-08-05,5.5587239265441895,5.771974086761475,5.530290126800537,5.6084818840026855,3.4266960620880127,41153612,0.0,0.0
2015-08-06,5.551615238189697,5.622698783874512,5.317039966583252,5.3667988777160645,3.279030561447144,30417074,0.0,0.0
2015-08-07,5.345473766326904,5.402339935302734,5.181982040405273,5.2317399978637695,3.196511030197144,26813984,0.0,0.0
2015-08-10,5.181982040405273,5.4165568351745605,5.118007183074951,5.295714855194092,3.2355995178222656,30164694,0.0,0.0
2015-08-11,5.25306510925293,5.352581977844238,5.118007183074951,5.118007183074951,3.1270227432250977,36023162,0.0,0.0
2015-08-12,5.075356960296631,5.153547763824463,4.918972969055176,5.082465171813965,3.105307579040528,50054139,0.0,0.0
2015-08-13,5.181982040405273,5.217523097991943,4.961623191833496,4.975840091705322,3.040160894393921,42790843,0.0,0.0
2015-08-14,4.954514980316162,5.032705783843994,4.89054012298584,4.990056037902832,3.048846483230591,31489616,0.0,0.0
2015-08-17,4.997165203094482,5.061140060424805,4.961623191833496,4.990056037902832,3.048846483230591,23665149,0.0,0.0
2015-08-18,5.118007183074951,5.146440029144287,4.990056037902832,5.075356960296631,3.1009645462036133,35460865,0.0,0.0
2015-08-19,5.089572906494141,5.181982040405273,5.061140060424805,5.132223129272461,3.1357080936431885,22896193,0.0,0.0
2015-08-20,5.125114917755127,5.317039966583252,5.0682477951049805,5.27439022064209,3.2225706577301025,32486613,0.0,0.0
2015-08-21,5.352581977844238,5.466314792633057,5.324149131774902,5.395232200622559,3.2964019775390625,34951182,0.0,0.0
2015-08-24,5.3667988777160645,5.473423957824707,5.352581977844238,5.473423957824707,3.3441765308380127,27877945,0.0,0.0
2015-08-25,5.565832138061523,5.715106964111328,5.508965015411377,5.644023895263672,3.448411703109741,53087898,0.0,0.0
2015-08-26,5.629806995391846,5.686674118041992,5.5587239265441895,5.665349006652832,3.4614408016204834,34018194,0.0,0.0
2015-08-27,5.736432075500488,5.757757186889648,5.622698783874512,5.707999229431152,3.487499475479126,35113105,0.0,0.0
2015-08-28,5.60137414932251,5.60137414932251,5.381014823913574,5.487639904022217,3.352861166000366,40565711,0.0,0.0
2015-08-31,5.466314792633057,5.516074180603027,5.359690189361572,5.359690189361572,3.274687051773072,56433263,0.0,0.0
2015-09-01,5.381014823913574,5.430774211883545,5.281497955322266,5.338365077972412,3.261658430099488,30929148,0.0,0.0
2015-09-02,5.338365077972412,5.338365077972412,5.210414886474609,5.245956897735596,3.205196619033813,40729181,0.0,0.0
2015-09-03,5.245956897735596,5.381014823913574,5.2317399978637695,5.345473766326904,3.266000986099243,24937175,0.0,0.0
2015-09-04,5.352581977844238,5.430774211883545,5.210414886474609,5.27439022064209,3.2225706577301025,31595689,0.0,0.0
2015-09-07,5.281497955322266,5.309932231903076,5.224631786346436,5.267282009124756,3.218226671218872,23220741,0.0,0.0
2015-09-08,5.295714855194092,5.352581977844238,5.245956897735596,5.345473766326904,3.266000986099243,22738772,0.0,0.0
2015-09-09,5.452098846435547,5.501856803894043,5.27439022064209,5.309932231903076,3.2442855834960938,28428424,0.0,0.0
2015-09-10,5.331256866455078,5.3667988777160645,5.189089775085449,5.2317399978637695,3.196511030197144,19821074,0.0,0.0
2015-09-11,5.224631786346436,5.238848209381104,5.174872875213623,5.189089775085449,3.17045259475708,20918236,0.0,0.0
2015-09-14,5.203307151794434,5.281497955322266,5.132223129272461,5.153547763824463,3.1487367153167725,3392914,0.0,0.0
2015-09-15,5.118007183074951,5.217523097991943,5.0682477951049805,5.075356960296631,3.1009645462036133,26744910,0.0,0.0
2015-09-16,5.096682071685791,5.146440029144287,5.0682477951049805,5.118007183074951,3.1270227432250977,24792134,0.0,0.0
2015-09-17,5.196197986602783,5.381014823913574,5.160656929016113,5.338365077972412,3.261658430099488,40654621,0.0,0.0
2015-09-18,5.430774211883545,5.466314792633057,5.317039966583252,5.373907089233398,3.2833738327026367,30518082,0.0,0.0
2015-09-21,5.3667988777160645,5.459207057952881,5.338365077972412,5.459207057952881,3.335490226745605,17891933,0.0,0.0
2015-09-22,5.430774211883545,5.437881946563721,5.267282009124756,5.331256866455078,3.2573163509368896,15932545,0.0,0.0
2015-09-23,5.324149131774902,5.324149131774902,5.153547763824463,5.224631786346436,3.1921682357788086,17721991,0.0,0.0
2015-09-24,5.189089775085449,5.224631786346436,5.125114917755127,5.224631786346436,3.1921682357788086,20933288,0.0,0.0
2015-09-25,5.288607120513916,5.402339935302734,5.267282009124756,5.338365077972412,3.261658430099488,30823075,0.0,0.0
2015-09-28,5.352581977844238,5.4165568351745605,5.288607120513916,5.3667988777160645,3.279030561447144,19131884,0.0,0.0
2015-09-29,5.302823066711426,5.373907089233398,5.224631786346436,5.2601728439331055,3.213883638381958,23496051,0.0,0.0
2015-09-30,5.288607120513916,5.345473766326904,5.2601728439331055,5.295714855194092,3.2355995178222656,26968450,0.0,0.0
2015-10-01,5.359690189361572,5.473423957824707,5.352581977844238,5.373907089233398,3.2833738327026367,35155168,0.0,0.0
2015-10-02,5.388123989105225,5.501856803894043,5.3667988777160645,5.423665046691895,3.3137753009796143,28820921,0.0,0.0
2015-10-05,5.501856803894043,5.544507026672363,5.402339935302734,5.508965015411377,3.3658933639526367,54059010,0.0,0.0
2015-10-06,5.565832138061523,5.6084818840026855,5.466314792633057,5.494749069213867,3.357207059860229,28837240,0.0,0.0
2015-10-07,5.459207057952881,5.516074180603027,5.338365077972412,5.516074180603027,3.370234727859497,40534340,0.0,0.0
2015-10-08,5.437881946563721,5.444990158081055,5.210414886474609,5.25306510925293,3.209540843963623,48696157,0.0,0.0
2015-10-09,5.267282009124756,5.402339935302734,5.25306510925293,5.352581977844238,3.270343065261841,22916029,0.0,0.0
2015-10-12,5.324149131774902,5.352581977844238,5.196197986602783,5.224631786346436,3.1921682357788086,36620910,0.0,0.0
2015-10-13,5.189089775085449,5.309932231903076,5.153547763824463,5.153547763824463,3.1487367153167725,53004756,0.0,0.0
2015-10-14,5.203307151794434,5.281497955322266,5.160656929016113,5.281497955322266,3.233602523803711,37869584,0.010663,0.0
2015-10-15,5.2601728439331055,5.309932231903076,5.153547763824463,5.189089775085449,3.1770267486572266,44227465,0.0,0.0
2015-10-16,5.3667988777160645,5.636916160583496,5.352581977844238,5.402339935302734,3.307588577270508,53452259,0.0,0.0
2015-10-19,5.381014823913574,5.402339935302734,5.267282009124756,5.345473766326904,3.272773504257202,27471943,0.0,0.0
2015-10-20,5.381014823913574,5.423665046691895,5.281497955322266,5.288607120513916,3.237956523895264,27645120,0.0,0.0
2015-10-21,5.295714855194092,5.317039966583252,5.189089775085449,5.25306510925293,3.2161953449249268,27374733,0.0,0.0
2015-10-22,5.331256866455078,5.530290126800537,5.302823066711426,5.516074180603027,3.377223253250122,46538974,0.0,0.0
2015-10-23,5.444990158081055,5.487639904022217,5.359690189361572,5.4165568351745605,3.368779182434082,23988290,0.08594,0.0
2015-10-26,5.338365077972412,5.444990158081055,5.338365077972412,5.381014823913574,3.3466739654541016,23025337,0.0,0.0
2015-10-27,5.359690189361572,5.359690189361572,5.203307151794434,5.217523097991943,3.244991540908813,18644991,0.0,0.0
2015-10-28,5.2601728439331055,5.352581977844238,5.2317399978637695,5.245956897735596,3.2626752853393555,17627877,0.0,0.0
2015-10-29,5.224631786346436,5.281497955322266,5.110898017883301,5.210414886474609,3.240570545196533,36793243,0.0,0.0
2015-10-30,5.359690189361572,5.388123989105225,5.288607120513916,5.338365077972412,3.3201496601104736,25725404,0.0,0.0
2015-11-02,5.217523097991943,5.25306510925293,5.082465171813965,5.082465171813965,3.1609935760498047,39125151,0.0,0.0
2015-11-03,5.110898017883301,5.110898017883301,4.982947826385498,4.990056037902832,3.1035213470458984,34910244,0.0,0.0
2015-11-04,5.0398149490356445,5.061140060424805,4.982947826385498,5.011381149291992,3.1167845726013184,18622061,0.0,0.0
2015-11-05,5.061140060424805,5.082465171813965,4.975840091705322,4.975840091705322,3.094679117202759,15055407,0.0,0.0
2015-11-06,4.975840091705322,5.0398149490356445,4.947405815124512,4.961623191833496,3.0858378410339355,14885043,0.0,0.0
2015-11-09,5.011381149291992,5.018489837646484,4.940298080444336,4.961623191833496,3.0858378410339355,14016487,0.0,0.0
2015-11-10,4.961623191833496,4.982947826385498,4.84788990020752,4.89054012298584,3.0416266918182373,22352044,0.0,0.0
2015-11-11,4.840781211853027,4.8549981117248535,4.6915059089660645,4.6915059089660645,2.917839765548706,31967083,0.0,0.0
2015-11-12,4.755480766296387,4.791022777557373,4.705722808837891,4.769698143005371,2.966471910476685,17499295,0.0,0.0
2015-11-13,4.698614120483398,4.90475606918335,4.677289009094238,4.812347888946533,2.9929966926574707,37996196,0.0,0.0
2015-11-16,4.719939231872559,4.791022777557373,4.684398174285889,4.7412638664245605,2.948785781860352,26062754,0.0,0.0
2015-11-17,4.791022777557373,4.826563835144043,4.712831020355225,4.7412638664245605,2.948785781860352,16427316,0.0,0.0
2015-11-18,4.762588977813721,4.776805877685547,4.648856163024902,4.684398174285889,2.913419723510742,26280526,0.0,0.0
2015-11-19,4.748373031616211,4.798130989074707,4.627531051635742,4.627531051635742,2.878050804138184,27203667,0.0,0.0
2015-11-20,4.705722808837891,4.727047920227051,4.599098205566406,4.641747951507568,2.8868932723999023,20333570,0.0,0.0
2015-11-23,4.6630730628967285,4.698614120483398,4.549338817596436,4.6630730628967285,2.9001564979553223,35340021,0.0,0.0
2015-11-24,4.606205940246582,4.620422840118408,4.535121917724609,4.584880828857422,2.851525068283081,29165727,0.0,0.0
2015-11-25,4.584880828857422,4.620422840118408,4.535121917724609,4.56355619430542,2.838263750076294,24604889,0.0,0.0
2015-11-26,4.641747951507568,4.6630730628967285,4.513796806335449,4.513796806335449,2.8073153495788574,15750224,0.0,0.0
2015-11-27,4.464038848876953,4.513796806335449,4.442714214324951,4.464038848876953,2.776369094848633,29586641,0.0,0.0
2015-11-30,4.464038848876953,4.5209059715271,4.449821949005127,4.4782562255859375,2.785210371017456,19429422,0.0,0.0
2015-12-01,4.528014183044434,4.57777214050293,4.506689071655273,4.549338817596436,2.829420804977417,22040438,0.0,0.0
2015-12-02,4.506689071655273,4.620422840118408,4.442714214324951,4.620422840118408,2.8736305236816406,31672218,0.0,0.0
2015-12-03,4.57777214050293,4.719939231872559,4.549338817596436,4.627531051635742,2.878050804138184,32138009,0.0,0.0
2015-12-04,4.648856163024902,4.727047920227051,4.606205940246582,4.727047920227051,2.9399454593658447,36139223,0.0,0.0
2015-12-07,4.7412638664245605,4.90475606918335,4.7412638664245605,4.89054012298584,3.0416266918182373,40108221,0.0,0.0
2015-12-08,4.8834309577941895,4.918972969055176,4.805239200592041,4.918972969055176,3.0593111515045166,25410000,0.0,0.0
2015-12-09,4.655963897705078,4.719939231872559,4.513796806335449,4.513796806335449,2.8073153495788574,43615508,0.0,0.0
2015-12-10,4.591989040374756,4.755480766296387,4.570663928985596,4.748373031616211,2.9532082080841064,25652391,0.0,0.0
2015-12-11,4.798130989074707,4.940298080444336,4.677289009094238,4.826563835144043,3.001837968826294,47752337,0.0,0.0
2015-12-14,4.812347888946533,4.897647857666016,4.798130989074707,4.819456100463867,2.9974172115325928,25615673,0.0,0.0
2015-12-15,4.748373031616211,4.84788990020752,4.734156131744385,4.826563835144043,3.001837968826294,9287818,0.0,0.0
2015-12-16,4.776805877685547,4.776805877685547,4.655963897705078,4.719939231872559,2.9355242252349854,20120300,0.0,0.0
2015-12-17,4.762588977813721,4.776805877685547,4.677289009094238,4.727047920227051,2.9399454593658447,16083354,0.0,0.0
2015-12-18,4.819456100463867,4.819456100463867,4.734156131744385,4.734156131744385,2.944366931915283,10200970,0.0,0.0
2015-12-21,4.7412638664245605,4.8834309577941895,4.727047920227051,4.805239200592041,2.988575458526612,35331721,0.0,0.0
2015-12-22,4.826563835144043,4.968730926513672,4.791022777557373,4.826563835144043,3.001837968826294,49175453,0.0,0.0
2015-12-23,4.791022777557373,4.798130989074707,4.705722808837891,4.7412638664245605,2.948785781860352,18171745,0.0,0.0
2015-12-28,4.606205940246582,4.6630730628967285,4.5564470291137695,4.620422840118408,2.9541497230529785,34263540,0.12923,0.0
2015-12-29,4.769698143005371,4.84788990020752,4.705722808837891,4.776805877685547,3.0541367530822754,37171671,0.0,0.0
2015-12-30,4.7412638664245605,4.833673000335693,4.712831020355225,4.769698143005371,3.0495922565460205,18781310,0.0,0.0
2016-01-04,4.698614120483398,4.7412638664245605,4.641747951507568,4.734156131744385,3.026867628097534,14780096,0.0,0.0
2016-01-05,4.712831020355225,4.791022777557373,4.677289009094238,4.769698143005371,3.0495922565460205,27324651,0.0,0.0
2016-01-06,4.819456100463867,4.833673000335693,4.712831020355225,4.727047920227051,3.02232313156128,20121707,0.0,0.0
2016-01-07,4.798130989074707,4.86921501159668,4.755480766296387,4.84788990020752,3.099585771560669,33775803,0.0,0.0
2016-01-08,4.90475606918335,5.0682477951049805,4.876323223114014,5.0469231605529785,3.2339529991149902,34491019,0.010663,0.0
2016-01-11,5.0469231605529785,5.139331817626953,5.011381149291992,5.125114917755127,3.284058094024658,35351275,0.0,0.0
2016-01-12,5.153547763824463,5.5587239265441895,5.132223129272461,5.544507026672363,3.5527946949005127,84515615,0.0,0.0
2016-01-13,5.544507026672363,6.020765781402588,5.544507026672363,5.764865875244141,3.693995237350464,95978906,0.0,0.0
2016-01-14,5.807516098022461,5.821732997894287,5.5587239265441895,5.693781852722168,3.648445844650269,32836484,0.0,0.0
2016-01-15,5.679565906524658,5.94968318939209,5.615591049194336,5.892816066741943,3.775983333587648,49983096,0.0,0.0
2016-01-18,5.94257402420044,5.999441146850586,5.7506489753723145,5.7506489753723145,3.684885263442993,60404090,0.0,0.0
2016-01-19,5.864383220672607,6.077632904052734,5.715106964111328,5.9638991355896,3.8215315341949454,60673632,0.0,0.0
2016-01-20,5.985223770141602,6.113174915313721,5.921248912811279,6.070525169372559,3.889853000640869,52570478,0.0,0.0
2016-01-21,6.113174915313721,6.212690830230713,6.020765781402588,6.027873992919922,3.8625237941741934,54385810,0.0,0.0
2016-01-22,5.757757186889648,5.9354658126831055,5.622698783874512,5.679565906524658,3.639338254928589,48450249,0.0,0.0
2016-01-25,5.644023895263672,5.644023895263672,5.423665046691895,5.537398815155029,3.5482401847839355,51935872,0.0,0.0
2016-01-26,5.94968318939209,6.184257984161377,5.821732997894287,6.1060662269592285,3.912628412246704,77835859,0.0,0.0
2016-01-27,6.113174915313721,6.184257984161377,5.971007823944092,6.098958015441895,3.9080731868743896,38850966,0.0,0.0
2016-01-28,6.127390861511231,6.198474884033203,6.056307792663574,6.177149772644043,3.95817756652832,27416515,0.0,0.0
2016-01-29,6.184257984161377,6.184257984161377,5.956790924072266,5.956790924072266,3.816977262496948,28702187,0.0,0.0
2016-02-01,5.885707855224609,5.921248912811279,5.736432075500488,5.77908182144165,3.7031054496765137,25434478,0.0,0.0
2016-02-02,5.672457218170166,5.786190986633301,5.658240795135498,5.77908182144165,3.7031054496765137,22977928,0.0,0.0
2016-02-03,5.94968318939209,6.006548881530762,5.878599166870117,6.006548881530762,3.848860502243042,23333566,0.0,0.0
2016-02-04,6.013658046722412,6.148715972900391,5.885707855224609,6.070525169372559,3.889853000640869,38912302,0.0,0.0
2016-02-05,6.127390861511231,6.184257984161377,5.94968318939209,6.020765781402588,3.857971668243408,35621099,0.0,0.0
2016-02-08,5.971007823944092,5.971007823944092,5.736432075500488,5.807516098022461,3.721324920654297,138147,0.0,0.0
2016-02-09,5.736432075500488,5.864383220672607,5.679565906524658,5.807516098022461,3.721324920654297,107620,0.0,0.0
2016-02-10,5.7435407638549805,5.764865875244141,5.565832138061523,5.615591049194336,3.5983426570892334,94114,0.0,0.0
2016-02-11,5.594265937805176,5.7435407638549805,5.501856803894043,5.587156772613525,3.580122947692871,160093,0.0,0.0
2016-02-12,5.544507026672363,5.615591049194336,5.395232200622559,5.437881946563721,3.4844717979431152,69355,0.0,0.0
2016-02-15,5.523181915283203,5.60137414932251,5.466314792633057,5.516074180603027,3.534574270248413,64009,0.0,0.0
2016-02-16,5.644023895263672,5.878599166870117,5.629806995391846,5.843058109283447,3.744098663330078,33525111,0.0,0.0
2016-02-17,5.899923801422119,5.9638991355896,5.843058109283447,5.857274055480957,3.753208875656128,62461,0.0,0.0
2016-02-18,5.892816066741943,6.141608238220215,5.892816066741943,6.127390861511231,3.926291704177856,76951,0.0,0.0
2016-02-19,6.205583095550537,6.305099964141846,6.148715972900391,6.155825138092041,3.9445114135742174,361406,0.0,0.0
2016-02-22,6.205583095550537,6.241125106811523,6.006548881530762,6.027873992919922,3.8625237941741934,40858747,0.0,0.0
2016-02-23,6.070525169372559,6.162932872772217,6.070525169372559,6.127390861511231,3.926291704177856,27424393,0.0,0.0
2016-02-24,6.077632904052734,6.162932872772217,5.899923801422119,6.077632904052734,3.894410133361816,22554623,0.0,0.0
2016-02-25,6.070525169372559,6.070525169372559,6.070525169372559,6.070525169372559,3.889853000640869,70058,0.0,0.0
2016-02-26,6.034983158111572,6.034983158111572,5.885707855224609,5.94968318939209,3.812422513961792,29534589,0.0,0.0
2016-02-29,5.871490955352783,5.921248912811279,5.77908182144165,5.892816066741943,3.775983333587648,20412351,0.0,0.0
2016-03-01,5.885707855224609,5.92835807800293,5.800407886505127,5.828841209411621,3.7349889278411865,17154208,0.0,0.0
2016-03-02,5.864383220672607,6.042090892791748,5.821732997894287,6.042090892791748,3.8716344833374015,11531097,0.0,0.0
2016-03-03,6.042090892791748,6.234015941619873,6.034983158111572,6.191366195678711,3.967286348342896,28621718,0.0,0.0
2016-03-04,6.184257984161377,6.333532810211182,6.098958015441895,6.177149772644043,3.95817756652832,33910011,0.0,0.0
2016-03-07,6.198474884033203,6.248232841491699,6.049200057983398,6.155825138092041,3.9445114135742174,29811025,0.0,0.0
2016-03-08,6.192788124084473,6.192788124084473,5.9894890785217285,6.020765781402588,3.857971668243408,36747855,0.0,1.1
2016-03-09,5.856563091278076,5.856563091278076,5.684542179107666,5.692360877990723,3.647535562515259,39176499,0.0,0.0
2016-03-10,5.715817928314209,5.801828861236572,5.676722049713135,5.786190986633301,3.707661628723145,32276668,0.0,0.0
2016-03-11,5.840925216674805,5.864383220672607,5.653264999389648,5.723637104034424,3.66757607460022,12523440,0.0,0.0
2016-03-14,5.676722049713135,5.801828861236572,5.66890287399292,5.747095108032227,3.6826093196868896,17134027,0.0,0.0
2016-03-15,5.707999229431152,5.887839794158936,5.528158187866211,5.825286865234375,3.732712507247925,32037896,0.0,0.0
2016-03-16,5.926936149597168,6.138053894042969,5.887839794158936,6.098958015441895,3.9080731868743896,20561625,0.0,0.0
2016-03-17,6.224064826965332,6.270979881286621,5.981669902801514,6.05986213684082,3.883021354675293,23470371,0.0,0.0
2016-03-18,6.145873069763184,6.216246128082275,5.9894890785217285,6.130235195159912,3.928115367889404,33172031,0.0,0.0
2016-03-21,6.122415065765381,6.130235195159912,5.848743915557861,5.9894890785217285,3.8379294872283936,35553483,0.0,0.0
2016-03-22,5.94257402420044,6.028584957122803,5.926936149597168,5.958212852478027,3.8178887367248535,18776527,0.0,0.0
2016-03-23,5.966032028198242,6.012947082519531,5.731457233428955,5.770552158355713,3.697639226913452,26785298,0.0,0.0
2016-03-29,5.715817928314209,5.950394153594971,5.684542179107666,5.770552158355713,3.697639226913452,35169172,0.0,0.0
2016-03-30,5.7001800537109375,5.83310604095459,5.653264999389648,5.801828861236572,3.717682361602783,24318286,0.0,0.0
2016-03-31,5.864383220672607,5.89565896987915,5.684542179107666,5.731457233428955,3.672588586807251,15455973,0.0,0.0
2016-04-01,5.684542179107666,5.801828861236572,5.590711116790772,5.747095108032227,3.6826093196868896,26630166,0.0,0.0
2016-04-04,5.801828861236572,5.887839794158936,5.653264999389648,5.692360877990723,3.647535562515259,16608012,0.0,0.0
2016-04-05,5.770552158355713,5.801828861236572,5.676722049713135,5.684542179107666,3.642526149749756,27398022,0.0,0.0
2016-04-06,5.692360877990723,5.770552158355713,5.661084175109863,5.684542179107666,3.642526149749756,25838907,0.0,0.0
2016-04-07,5.676722049713135,5.731457233428955,5.645445823669434,5.676722049713135,3.63751482963562,4840534,0.0,0.0
2016-04-08,5.676722049713135,5.715817928314209,5.543796062469482,5.582891941070557,3.5773918628692627,45764788,0.0,0.0
2016-04-11,5.575072765350342,5.692360877990723,5.496881008148193,5.692360877990723,3.6552138328552246,40140539,0.011729,0.0
2016-04-12,5.707999229431152,5.754913806915283,5.614169120788574,5.707999229431152,3.665257453918457,24682647,0.0,0.0
2016-04-13,5.762732982635498,5.817468166351318,5.7001800537109375,5.747095108032227,3.690361976623535,16991429,0.0,0.0
2016-04-14,5.747095108032227,5.786190986633301,5.614169120788574,5.66890287399292,3.640151500701904,22265513,0.0,0.0
2016-04-15,5.6376261711120605,5.786190986633301,5.614169120788574,5.770552158355713,3.705423355102539,26207488,0.0,0.0
2016-04-18,5.794010162353516,5.919116973876953,5.794010162353516,5.872201919555664,3.770694732666016,29579837,0.0,0.0
2016-04-19,5.83310604095459,5.94257402420044,5.794010162353516,5.911297798156738,3.795799493789673,23850462,0.0,0.0
2016-04-20,5.856563091278076,5.856563091278076,5.5985307693481445,5.5985307693481445,3.5949649810791016,31097644,0.0,0.0
2016-04-21,5.590711116790772,5.661084175109863,5.543796062469482,5.653264999389648,3.630110502243042,16955491,0.0,0.0
2016-04-22,5.645445823669434,5.692360877990723,5.481243133544922,5.543796062469482,3.5598177909851074,37360579,0.0,0.0
2016-04-25,5.55943489074707,5.66890287399292,5.449965953826904,5.535976886749268,3.5547971725463867,33277541,0.0,0.0
2016-04-26,5.473423957824707,5.715817928314209,5.434328079223633,5.661084175109863,3.635130882263184,35722427,0.0,0.0
2016-04-27,5.723637104034424,5.747095108032227,5.582891941070557,5.582891941070557,3.584923505783081,28860324,0.0,0.0
2016-04-28,5.715817928314209,5.739275932312012,5.661084175109863,5.676722049713135,3.645173072814941,24195895,0.0,0.0
2016-04-29,5.614169120788574,5.645445823669434,5.520339012145996,5.621987819671631,3.610025644302368,21107079,0.0,0.0
2016-05-02,5.645445823669434,5.707999229431152,5.543796062469482,5.575072765350342,3.5799005031585693,13494130,0.0,0.0
2016-05-03,5.645445823669434,5.801828861236572,5.614169120788574,5.778371810913086,3.7104437351226807,16613767,0.0,0.0
2016-05-04,5.5985307693481445,5.692360877990723,5.55943489074707,5.6376261711120605,3.6200692653656006,19161094,0.0,0.0
2016-05-06,5.653264999389648,5.66890287399292,5.465604782104492,5.465604782104492,3.5096092224121094,25949532,0.0,0.0
2016-05-09,5.567254066467285,5.621987819671631,5.535976886749268,5.621987819671631,3.610025644302368,35814125,0.0,0.0
2016-05-10,5.676722049713135,5.778371810913086,5.661084175109863,5.754913806915283,3.69538164138794,21541012,0.0,0.0
2016-05-11,5.747095108032227,5.958212852478027,5.731457233428955,5.934754848480225,3.8108627796173096,41184510,0.0,0.0
2016-05-12,5.966032028198242,6.012947082519531,5.856563091278076,5.9894890785217285,3.846007823944092,25375303,0.0,0.0
2016-05-13,6.012947082519531,6.028584957122803,5.911297798156738,5.981669902801514,3.840987682342529,8593742,0.0,0.0
2016-05-18,5.903478145599365,5.950394153594971,5.856563091278076,5.911297798156738,3.795799493789673,13031549,0.0,0.0
2016-05-19,5.864383220672607,5.919116973876953,5.770552158355713,5.880021095275879,3.7757160663604736,14034724,0.0,0.0
2016-05-20,5.911297798156738,5.966032028198242,5.856563091278076,5.926936149597168,3.805842399597168,29048579,0.0,0.0
2016-05-23,5.981669902801514,6.106777191162109,5.973851203918457,6.098958015441895,3.916301488876343,29764128,0.0,0.0
2016-05-24,6.130235195159912,6.161510944366455,6.075500011444092,6.106777191162109,3.9213223457336426,15500607,0.0,0.0
2016-05-25,6.145873069763184,6.177149772644043,6.005127906799316,6.012947082519531,3.861070871353149,19797862,0.0,0.0
2016-05-26,6.005127906799316,6.177149772644043,6.005127906799316,6.15369176864624,3.951448678970337,16278566,0.0,0.0
2016-05-27,6.192788124084473,6.435183048248291,6.192788124084473,6.42736291885376,4.12717866897583,48107745,0.0,0.0
2016-05-30,6.435183048248291,6.435183048248291,6.302257061004639,6.396087169647217,4.107097148895264,28573721,0.0,0.0
2016-05-31,6.42736291885376,6.560288906097412,6.380447864532471,6.536831855773926,4.197471618652344,22907652,0.0,0.0
2016-06-01,6.529013156890869,6.583746910095215,6.474277973175049,6.575928211212158,4.22257661819458,32300328,0.0,0.0
2016-06-02,6.607203960418701,6.6619391441345215,6.48209810256958,6.552470207214356,4.207513332366943,31256228,0.0,0.0
2016-06-03,6.568109035491943,6.59156608581543,6.396087169647217,6.489916801452637,4.167348861694336,21956529,0.0,0.0
2016-06-06,6.4508209228515625,6.529013156890869,6.443002223968506,6.505555152893066,4.177389144897461,21319633,0.0,0.0
2016-06-07,6.521193981170654,6.568109035491943,6.403905868530273,6.474277973175049,4.157305240631104,25136531,0.0,0.0
2016-06-08,6.497735977172852,6.552470207214356,6.396087169647217,6.411725044250488,4.117137432098389,17823358,0.0,0.0
2016-06-09,6.435183048248291,6.521193981170654,6.42736291885376,6.513373851776123,4.182408332824707,20918952,0.0,0.0
2016-06-10,6.48209810256958,6.497735977172852,6.372629165649414,6.435183048248291,4.132199764251709,34246441,0.0,0.0
2016-06-13,6.3882670402526855,6.575928211212158,6.380447864532471,6.536831855773926,4.197471618652344,19132702,0.0,0.0
2016-06-14,6.560288906097412,6.630661964416504,6.403905868530273,6.458640098571777,4.147262573242188,23055238,0.0,0.0
2016-06-15,6.42736291885376,6.615024089813232,6.419544219970703,6.497735977172852,4.172369480133057,25481196,0.0,0.0
2016-06-16,6.458640098571777,6.755768775939941,6.458640098571777,6.755768775939941,4.338057518005371,38567355,0.0,0.0
2016-06-17,6.771407127380371,6.888694763183594,6.747950077056885,6.771407127380371,4.3480987548828125,23958018,0.0,0.0
2016-06-20,6.810503005981445,6.826140880584717,6.701035022735596,6.747950077056885,4.333037376403809,25180781,0.0,0.0
2016-06-21,6.724492073059082,6.787045955657959,6.654119968414307,6.701035022735596,4.302910804748535,14917425,0.0,0.0
2016-06-22,6.7401299476623535,6.826140880584717,6.6932148933410645,6.6932148933410645,4.297891139984131,20486170,0.0,0.0
2016-06-23,6.7401299476623535,6.771407127380371,6.536831855773926,6.607203960418701,4.242659568786621,36235652,0.0,0.0
2016-06-24,6.646299839019775,6.794865131378174,6.615024089813232,6.794865131378174,4.363162040710449,23251678,0.0,0.0
2016-06-27,6.787045955657959,6.857418060302734,6.732310771942139,6.802683830261231,4.3681817054748535,19403831,0.0,0.0
2016-06-28,6.802683830261231,6.919971942901611,6.779225826263428,6.857418060302734,4.443678379058838,13921413,0.061772,0.0
2016-06-29,6.826140880584717,6.873055934906006,6.747950077056885,6.787045955657959,4.398076057434082,47884576,0.0,0.0
2016-06-30,6.787045955657959,6.904333114624023,6.6932148933410645,6.896513938903809,4.469014644622803,30856314,0.0,0.0
2016-07-01,6.865237236022949,6.935609817504883,6.802683830261231,6.927791118621826,4.489282608032227,18966445,0.0,0.0
2016-07-04,6.91215181350708,6.919971942901611,6.81832218170166,6.865237236022949,4.448745727539063,9637842,0.0,0.0
2016-07-05,6.857418060302734,6.857418060302734,6.654119968414307,6.677577018737793,4.327140331268311,16187764,0.0,0.0
2016-07-06,6.747950077056885,6.763587951660156,6.615024089813232,6.685396194458008,4.33220911026001,25945184,0.0,0.0
2016-07-07,6.646299839019775,6.724492073059082,6.59156608581543,6.6619391441345215,4.31700611114502,20531827,0.0,0.0
2016-07-08,6.677577018737793,6.732310771942139,6.622842788696289,6.646299839019775,4.306872844696045,9323103,0.0,0.0
2016-07-11,6.685396194458008,6.802683830261231,6.615024089813232,6.7088541984558105,4.347410202026367,20180511,0.0,0.0
2016-07-12,6.685396194458008,6.857418060302734,6.685396194458008,6.810503005981445,4.413279056549072,19321341,0.0,0.0
2016-07-13,6.81832218170166,6.84959888458252,6.747950077056885,6.826140880584717,4.423413276672363,13682385,0.0,0.0
2016-07-14,6.841780185699463,6.896513938903809,6.654119968414307,6.724492073059082,4.357541084289551,24844429,0.0,0.0
2016-07-15,6.701035022735596,6.841780185699463,6.669757843017578,6.771407127380371,4.395612239837647,35004193,0.011729,0.0
2016-07-18,6.802683830261231,6.873055934906006,6.802683830261231,6.865237236022949,4.456520080566406,22248248,0.0,0.0
2016-07-19,6.888694763183594,6.91215181350708,6.802683830261231,6.841780185699463,4.4412922859191895,10824667,0.0,0.0
2016-07-20,6.880876064300537,6.896513938903809,6.771407127380371,6.896513938903809,4.476822376251221,20007219,0.0,0.0
2016-07-21,6.841780185699463,6.865237236022949,6.794865131378174,6.802683830261231,4.41591215133667,26831083,0.0,0.0
2016-07-22,6.7401299476623535,6.755768775939941,6.458640098571777,6.489916801452637,4.212882995605469,35911066,0.0,0.0
2016-07-25,6.4508209228515625,6.599384784698486,6.419544219970703,6.544651031494141,4.2484130859375,21255688,0.0,0.0
2016-07-26,6.505555152893066,6.552470207214356,6.349172115325928,6.513373851776123,4.228108882904053,37547043,0.0,0.0
2016-07-27,6.529013156890869,6.552470207214356,6.419544219970703,6.443002223968506,4.182427406311035,32263623,0.0,0.0
2016-07-28,6.443002223968506,6.6619391441345215,6.443002223968506,6.59156608581543,4.278867721557617,51259867,0.0,0.0
2016-07-29,6.59156608581543,6.59156608581543,6.42736291885376,6.513373851776123,4.228108882904053,33643692,0.0,0.0
2016-08-01,6.568109035491943,6.638481140136719,6.513373851776123,6.529013156890869,4.238263130187988,13606034,0.0,0.0
2016-08-02,6.568109035491943,6.622842788696289,6.552470207214356,6.568109035491943,4.263638973236084,15879547,0.0,0.0
2016-08-03,6.638481140136719,6.646299839019775,6.474277973175049,6.607203960418701,4.289017200469971,21454942,0.0,0.0
2016-08-04,6.654119968414307,6.747950077056885,6.615024089813232,6.7088541984558105,4.355005741119385,22603016,0.0,0.0
2016-08-05,6.701035022735596,6.7088541984558105,6.59156608581543,6.654119968414307,4.319476127624512,16580260,0.0,0.0
2016-08-08,6.583746910095215,6.622842788696289,6.544651031494141,6.575928211212158,4.268717288970947,15254545,0.0,0.0
2016-08-09,6.59156608581543,6.677577018737793,6.497735977172852,6.669757843017578,4.329626083374023,30590941,0.0,0.0
2016-08-10,6.6619391441345215,6.755768775939941,6.622842788696289,6.7401299476623535,4.375308990478516,22960855,0.0,0.0
2016-08-11,6.747950077056885,6.771407127380371,6.544651031494141,6.544651031494141,4.2484130859375,35764631,0.0,0.0
2016-08-12,6.583746910095215,6.607203960418701,6.505555152893066,6.521193981170654,4.233187198638916,28096049,0.0,0.0
2016-08-15,6.529013156890869,6.669757843017578,6.513373851776123,6.638481140136719,4.309322834014893,17246059,0.0,0.0
2016-08-16,6.568109035491943,6.622842788696289,6.42736291885376,6.544651031494141,4.2484130859375,113615019,0.0,0.0
2016-08-17,6.536831855773926,6.6932148933410645,6.521193981170654,6.630661964416504,4.304248332977295,50591766,0.0,0.0
2016-08-18,6.646299839019775,6.755768775939941,6.622842788696289,6.7401299476623535,4.375308990478516,44047088,0.0,0.0
2016-08-19,6.763587951660156,6.841780185699463,6.7401299476623535,6.81832218170166,4.426065921783447,40675506,0.0,0.0
2016-08-22,6.880876064300537,6.927791118621826,6.873055934906006,6.919971942901611,4.492049694061279,33114736,0.0,0.0
2016-08-23,6.919971942901611,6.919971942901611,6.81832218170166,6.84959888458252,4.446366786956787,24631618,0.0,0.0
2016-08-24,6.81832218170166,6.888694763183594,6.779225826263428,6.84959888458252,4.446366786956787,39289938,0.0,0.0
2016-08-25,6.896513938903809,7.005982875823975,6.873055934906006,6.959066867828369,4.517429351806641,32555981,0.0,0.0
2016-08-26,6.982524871826172,7.052897930145264,6.9512481689453125,7.021621227264404,4.558035373687744,30861430,0.0,0.0
2016-08-29,7.060717105865479,7.131089210510254,6.990344047546387,7.115450859069824,4.618943691253662,37377077,0.0,0.0
2016-08-30,7.123270034790039,7.162365913391113,7.052897930145264,7.068535804748535,4.588489532470703,27015885,0.0,0.0
2016-08-31,7.037259101867676,7.209280967712402,6.990344047546387,7.099812984466553,4.608793258666992,25515215,0.0,0.0
2016-09-01,7.045077800750732,7.123270034790039,7.0138020515441895,7.045077800750732,4.573262691497803,17513862,0.0,0.0
2016-09-02,7.07635498046875,7.123270034790039,6.998163223266602,7.005982875823975,4.5478835105896,21022927,0.0,0.0
2016-09-05,6.998163223266602,7.029439926147461,6.841780185699463,6.91215181350708,4.486972808837891,18250896,0.0,0.0
2016-09-06,6.888694763183594,6.998163223266602,6.865237236022949,6.927791118621826,4.497127532958984,14508431,0.0,0.0
2016-09-07,6.943428993225098,7.123270034790039,6.943428993225098,7.07635498046875,4.593564987182617,30540168,0.0,0.0
2016-09-08,7.07635498046875,7.131089210510254,6.990344047546387,7.0919928550720215,4.603716373443604,24242191,0.0,0.0
2016-09-09,7.123270034790039,7.381302833557129,7.115450859069824,7.381302833557129,4.791521072387695,43647941,0.0,0.0
2016-09-12,7.404760837554932,7.420399188995361,7.185823917388916,7.217100143432617,4.684927940368652,33035699,0.0,0.0
2016-09-13,7.178003787994385,7.295291900634766,7.060717105865479,7.07635498046875,4.593564987182617,26294197,0.0,0.0
2016-09-14,7.07635498046875,7.326569080352783,7.045077800750732,7.217100143432617,4.684927940368652,33877220,0.0,0.0
2016-09-15,7.357844829559326,7.451675891876221,7.326569080352783,7.389122009277344,4.796596527099609,24123509,0.0,0.0
2016-09-16,7.389122009277344,7.529867172241211,7.357844829559326,7.428217887878418,4.8219757080078125,29217139,0.0,0.0
2016-09-19,7.07635498046875,7.420399188995361,7.068535804748535,7.271834850311279,4.720459461212158,25220044,0.0,0.0
2016-09-20,7.271834850311279,7.30311107635498,6.794865131378174,6.896513938903809,4.476822376251221,50594324,0.0,0.0
2016-09-21,6.7401299476623535,6.9668869972229,6.654119968414307,6.7088541984558105,4.355005741119385,55979289,0.0,0.0
2016-09-22,6.685396194458008,6.873055934906006,6.599384784698486,6.701035022735596,4.3499298095703125,33724135,0.0,0.0
2016-09-23,6.802683830261231,6.935609817504883,6.755768775939941,6.919971942901611,4.492049694061279,30611276,0.0,0.0
2016-09-26,6.959066867828369,6.998163223266602,6.724492073059082,6.755768775939941,4.38546085357666,37080626,0.0,0.0
2016-09-27,6.7401299476623535,6.982524871826172,6.7401299476623535,6.865237236022949,4.456520080566406,21080989,0.0,0.0
2016-09-28,6.935609817504883,7.021621227264404,6.896513938903809,6.935609817504883,4.502202033996582,25998386,0.0,0.0
2016-09-29,7.021621227264404,7.084174156188965,6.84959888458252,6.935609817504883,4.502202033996582,32141616,0.0,0.0
2016-09-30,6.91215181350708,6.959066867828369,6.810503005981445,6.810503005981445,4.420989990234375,26926361,0.0,0.0
2016-10-03,6.841780185699463,6.865237236022949,6.747950077056885,6.755768775939941,4.38546085357666,10255938,0.0,0.0
2016-10-04,6.716672897338867,6.7401299476623535,6.638481140136719,6.724492073059082,4.365155220031738,14810765,0.0,0.0
2016-10-05,6.732310771942139,6.833961009979248,6.6619391441345215,6.787045955657959,4.405761241912842,18273021,0.0,0.0
2016-10-06,6.763587951660156,6.802683830261231,6.654119968414307,6.654119968414307,4.319476127624512,18977827,0.0,0.0
2016-10-07,6.732310771942139,6.841780185699463,6.7088541984558105,6.732310771942139,4.3702311515808105,33500198,0.0,0.0
2016-10-10,6.3882670402526855,6.3882670402526855,6.3882670402526855,6.3882670402526855,4.154134750366211,39478449,0.011729,0.0
2016-10-11,6.356990814208984,6.529013156890869,6.302257061004639,6.411725044250488,4.169389724731445,27517983,0.0,0.0
2016-10-12,6.443002223968506,6.474277973175049,6.349172115325928,6.380447864532471,4.149050712585449,16743704,0.0,0.0
2016-10-13,6.349172115325928,6.544651031494141,6.31789493560791,6.521193981170654,4.240574359893799,18507061,0.0,0.0
2016-10-14,6.568109035491943,6.599384784698486,6.497735977172852,6.536831855773926,4.250744342803955,22818384,0.0,0.0
2016-10-17,6.59156608581543,6.615024089813232,6.48209810256958,6.529013156890869,4.245660305023193,17843948,0.0,0.0
2016-10-18,6.560288906097412,6.646299839019775,6.513373851776123,6.568109035491943,4.27108097076416,22003465,0.0,0.0
2016-10-19,6.489916801452637,6.521193981170654,6.294436931610107,6.3100762367248535,4.103291034698486,21787074,0.0,0.0
2016-10-20,6.294436931610107,6.443002223968506,6.294436931610107,6.3413519859313965,4.123628616333008,26624155,0.0,0.0
2016-10-21,6.3413519859313965,6.443002223968506,6.302257061004639,6.302257061004639,4.09820556640625,24810921,0.0,0.0
2016-10-24,6.302257061004639,6.411725044250488,6.239703178405762,6.302257061004639,4.09820556640625,23821047,0.0,0.0
2016-10-25,6.372629165649414,6.3882670402526855,6.255341053009033,6.270979881286621,4.077866554260254,17809034,0.0,0.0
2016-10-26,6.294436931610107,6.325714111328125,6.145873069763184,6.161510944366455,4.006680965423584,24561918,0.0,0.0
2016-10-27,6.247521877288818,6.294436931610107,6.161510944366455,6.224064826965332,4.04735803604126,20628128,0.0,0.0
2016-10-28,6.255341053009033,6.270979881286621,6.177149772644043,6.224064826965332,4.04735803604126,15515954,0.0,0.0
2016-10-31,6.247521877288818,6.325714111328125,6.184968948364258,6.270979881286621,4.077866554260254,21145062,0.0,0.0
2016-11-01,6.161510944366455,6.255341053009033,6.145873069763184,6.177149772644043,4.160012722015381,24130031,0.215809,0.0
2016-11-02,6.208425998687744,6.286618232727051,6.200606822967529,6.255341053009033,4.212671279907227,6738176,0.0,0.0
2016-11-03,6.278799057006836,6.286618232727051,6.208425998687744,6.231884002685547,4.196874141693115,6522041,0.0,0.0
2016-11-04,6.200606822967529,6.372629165649414,6.200606822967529,6.31789493560791,4.254798412322998,13380691,0.0,0.0
2016-11-07,6.333532810211182,6.48209810256958,6.3100762367248535,6.474277973175049,4.360113143920898,18151653,0.0,0.0
2016-11-08,6.411725044250488,6.4508209228515625,6.380447864532471,6.419544219970703,4.3232526779174805,5300941,0.0,0.0
2016-11-09,6.4508209228515625,6.701035022735596,6.4508209228515625,6.701035022735596,4.512825012207031,21809199,0.0,0.0
2016-11-10,6.654119968414307,6.747950077056885,6.638481140136719,6.7401299476623535,4.539155006408691,11112294,0.0,0.0
2016-11-11,6.755768775939941,6.873055934906006,6.6932148933410645,6.802683830261231,4.581278800964356,20010161,0.0,0.0
2016-11-14,6.802683830261231,6.841780185699463,6.724492073059082,6.779225826263428,4.565483570098877,14125270,0.0,0.0
2016-11-15,6.763587951660156,6.896513938903809,6.7088541984558105,6.84959888458252,4.612874507904053,11857001,0.0,0.0
2016-11-16,6.873055934906006,6.919971942901611,6.7401299476623535,6.802683830261231,4.581278800964356,12009575,0.0,0.0
2016-11-17,6.826140880584717,6.880876064300537,6.755768775939941,6.84959888458252,4.612874507904053,15941318,0.0,0.0
2016-11-18,6.982524871826172,7.099812984466553,6.974706172943115,7.037259101867676,4.739254474639893,27888227,0.0,0.0
2016-11-21,6.982524871826172,7.099812984466553,6.896513938903809,6.9668869972229,4.6918625831604,13432231,0.0,0.0
2016-11-22,6.9668869972229,7.0138020515441895,6.919971942901611,6.9668869972229,4.6918625831604,12291318,0.0,0.0
2016-11-23,6.9668869972229,7.170185089111328,6.959066867828369,7.107632160186768,4.786647319793701,18889199,0.0,0.0
2016-11-24,7.162365913391113,7.162365913391113,7.029439926147461,7.068535804748535,4.760318756103516,18371625,0.0,0.0
2016-11-25,7.084174156188965,7.107632160186768,7.005982875823975,7.060717105865479,4.755053997039795,12928597,0.0,0.0
2016-11-28,7.07635498046875,7.170185089111328,7.060717105865479,7.138908863067627,4.807712078094482,15254034,0.0,0.0
2016-11-29,7.131089210510254,7.318749904632568,7.115450859069824,7.318749904632568,4.928825378417969,17350802,0.0,0.0
2016-11-30,7.310929775238037,7.33438777923584,7.209280967712402,7.232738971710205,4.870901107788086,19359836,0.0,0.0
2016-12-01,7.310929775238037,7.33438777923584,7.209280967712402,7.264015197753906,4.891964435577393,22707247,0.0,0.0
2016-12-02,7.279654026031494,7.33438777923584,7.24055814743042,7.256196022033691,4.886698246002197,12944967,0.0,0.0
2016-12-05,7.24055814743042,7.248376846313477,7.107632160186768,7.170185089111328,4.828774929046631,15339081,0.0,0.0
2016-12-06,7.201461791992188,7.310929775238037,7.115450859069824,7.256196022033691,4.886698246002197,26314020,0.0,0.0
2016-12-07,7.295291900634766,7.326569080352783,7.24055814743042,7.287473201751709,4.907762050628662,21880946,0.0,0.0
2016-12-08,7.24055814743042,7.310929775238037,7.084174156188965,7.279654026031494,4.902497291564941,16698943,0.0,0.0
2016-12-09,7.271834850311279,7.475132942199707,7.248376846313477,7.420399188995361,4.997282028198242,20682738,0.0,0.0
2016-12-12,7.428217887878418,7.490771770477295,7.310929775238037,7.310929775238037,4.92356014251709,17254116,0.0,0.0
2016-12-13,7.4594950675964355,7.608058929443359,7.389122009277344,7.412580013275146,4.992016315460205,23039251,0.0,0.0
2016-12-14,7.436037063598633,7.49859094619751,7.326569080352783,7.475132942199707,5.034142017364502,18177615,0.0,0.0
2016-12-15,7.514228820800781,7.639336109161377,7.451675891876221,7.529867172241211,5.071004390716553,17734729,0.0,0.0
2016-12-16,7.553325176239014,7.631516933441162,7.490771770477295,7.600240230560303,5.118396759033203,23944078,0.0,0.0
2016-12-19,7.608058929443359,7.639336109161377,7.506410121917725,7.584601879119873,5.107865810394287,16727718,0.0,0.0
2016-12-20,7.615878105163574,7.615878105163574,7.522047996520996,7.553325176239014,5.086801528930664,26201093,0.0,0.0
2016-12-21,7.608058929443359,7.858273029327393,7.584601879119873,7.842634201049805,5.281637191772461,30040499,0.0,0.0
2016-12-22,7.803538799285889,7.897368907928467,7.795719146728516,7.819177150726318,5.265840530395508,29552596,0.0,0.0
2016-12-23,7.756624221801758,7.975561141967773,7.717527866363525,7.944283962249756,5.350092887878418,24247435,0.0,0.0
2016-12-27,7.975561141967773,8.100666999816895,7.944283962249756,8.053751945495605,5.42381477355957,11582676,0.0,0.0
2016-12-28,8.028334617614746,8.107044219970703,7.973237991333008,8.107044219970703,5.55012321472168,23564344,0.131206,0.0
2016-12-29,8.091301918029785,8.162139892578125,8.044076919555664,8.146398544311523,5.577065944671631,23565361,0.0,0.0
2016-12-30,8.162139892578125,8.280203819274902,7.9574971199035645,8.044076919555664,5.507014751434326,22586059,0.0,0.0
2017-01-02,7.965366840362549,8.020463943481445,7.878787040710449,7.902400016784668,5.410023212432861,15177011,0.0,0.0
2017-01-03,7.988979816436768,8.028334617614746,7.847303867340088,7.863046169281006,5.391135215759277,17867930,0.011806,0.0
2017-01-04,7.87091588973999,7.894528865814209,7.752852916717529,7.768595218658447,5.326376914978027,20410455,0.0,0.0
2017-01-05,7.807949066162109,7.863046169281006,7.760724067687988,7.863046169281006,5.391135215759277,10911689,0.0,0.0
2017-01-06,7.863046169281006,7.926012992858887,7.776464939117432,7.926012992858887,5.434306621551514,16248424,0.0,0.0
2017-01-09,7.933884143829346,7.933884143829346,7.807949066162109,7.807949066162109,5.353358268737793,10661019,0.0,0.0
2017-01-10,7.847303867340088,7.855175018310547,7.626917839050293,7.658401966094971,5.250823974609375,14256534,0.0,0.0
2017-01-11,7.658401966094971,7.713498115539551,7.540338039398193,7.587563037872314,5.2022552490234375,20448443,0.0,0.0
2017-01-12,7.626917839050293,7.768595218658447,7.603304862976074,7.619047164916992,5.223842144012451,27332393,0.0,0.0
2017-01-13,7.67414379119873,7.80007791519165,7.634788990020752,7.7292399406433105,5.299393653869629,10538416,0.0,0.0
2017-01-16,7.705626964569092,7.807949066162109,7.642660140991211,7.642660140991211,5.2400312423706055,15525764,0.0,0.0
2017-01-17,7.713498115539551,7.847303867340088,7.611176013946533,7.839433193206787,5.374944686889648,22190553,0.0,0.0
2017-01-18,7.855175018310547,7.894528865814209,7.760724067687988,7.839433193206787,5.374944686889648,18164973,0.0,0.0
2017-01-19,7.855175018310547,7.902400016784668,7.67414379119873,7.689885139465332,5.272411346435547,34785908,0.0,0.0
2017-01-20,7.67414379119873,7.713498115539551,7.587563037872314,7.67414379119873,5.261617660522461,17837820,0.0,0.0
2017-01-23,7.66627311706543,7.682013988494873,7.335693836212158,7.406531810760498,5.078134059906006,31125471,0.0,0.0
2017-01-24,7.406531810760498,7.595434188842773,7.367177963256836,7.595434188842773,5.2076520919799805,26090733,0.0,0.0
2017-01-25,7.548209190368652,7.611176013946533,7.485241889953613,7.532466888427734,5.164481163024902,16978199,0.0,0.0
2017-01-26,7.532466888427734,7.66627311706543,7.532466888427734,7.603304862976074,5.213047504425049,9287863,0.0,0.0
2017-01-27,7.579692840576172,7.67414379119873,7.477371215820312,7.67414379119873,5.261617660522461,9473102,0.0,0.0
2017-01-30,7.67414379119873,7.689885139465332,7.556079864501953,7.619047164916992,5.223842144012451,19727180,0.0,0.0
2017-01-31,7.626917839050293,7.705626964569092,7.579692840576172,7.689885139465332,5.272411346435547,20644100,0.0,0.0
2017-02-01,7.713498115539551,7.752852916717529,7.563951015472412,7.595434188842773,5.2076520919799805,20767847,0.0,0.0
2017-02-02,7.579692840576172,7.619047164916992,7.477371215820312,7.477371215820312,5.126704216003418,20261552,0.0,0.0
2017-02-03,7.524596214294434,7.563951015472412,7.469500064849853,7.540338039398193,5.169877529144287,11352298,0.0,0.0
2017-02-06,7.540338039398193,7.650530815124512,7.524596214294434,7.642660140991211,5.2400312423706055,15455124,0.0,0.0
2017-02-07,7.642660140991211,7.67414379119873,7.508853912353516,7.556079864501953,5.180669784545898,13543148,0.0,0.0
2017-02-08,7.548209190368652,7.571822166442871,7.406531810760498,7.453757762908935,5.1105146408081055,12460428,0.0,0.0
2017-02-09,7.469500064849853,7.587563037872314,7.438015937805176,7.493112087249756,5.137495517730713,12759885,0.0,0.0
2017-02-10,7.532466888427734,7.587563037872314,7.445887088775635,7.524596214294434,5.159084796905518,30561750,0.0,0.0
2017-02-13,7.556079864501953,7.658401966094971,7.453757762908935,7.556079864501953,5.180669784545898,23811965,0.0,0.0
2017-02-14,7.532466888427734,7.611176013946533,7.485241889953613,7.516725063323975,5.153685569763184,27001047,0.0,0.0
2017-02-15,7.493112087249756,7.532466888427734,7.319952011108398,7.327823162078857,5.024169921875,25790768,0.0,0.0
2017-02-16,7.351436138153076,7.556079864501953,7.351436138153076,7.524596214294434,5.159084796905518,21556065,0.0,0.0
2017-02-17,7.493112087249756,7.650530815124512,7.469500064849853,7.587563037872314,5.2022552490234375,21873436,0.0,0.0
2017-02-20,7.619047164916992,7.634788990020752,7.461628913879394,7.461628913879394,5.115910053253174,17397337,0.0,0.0
2017-02-21,7.508853912353516,7.548209190368652,7.367177963256836,7.398661136627197,5.0727386474609375,18730219,0.0,0.0
2017-02-22,7.516725063323975,7.579692840576172,7.469500064849853,7.579692840576172,5.196858406066895,21056250,0.0,0.0
2017-02-23,7.524596214294434,7.603304862976074,7.493112087249756,7.595434188842773,5.2076520919799805,17534932,0.0,0.0
2017-02-24,7.548209190368652,7.705626964569092,7.548209190368652,7.571822166442871,5.191463470458984,18143375,0.0,0.0
2017-02-27,7.634788990020752,7.7292399406433105,7.626917839050293,7.66627311706543,5.256221771240234,11817682,0.0,0.0
2017-02-28,7.650530815124512,7.784336090087891,7.634788990020752,7.784336090087891,5.337168216705322,17350710,0.0,0.0
2017-03-01,7.815820217132568,7.9417548179626465,7.792206764221191,7.933884143829346,5.439703464508057,21923112,0.0,0.0
2017-03-02,7.9574971199035645,7.981109142303467,7.815820217132568,7.855175018310547,5.385739326477051,15965865,0.0,0.0
2017-03-03,7.863046169281006,7.894528865814209,7.634788990020752,7.67414379119873,5.261617660522461,21217858,0.0,0.0
2017-03-06,7.697755813598633,7.886658191680908,7.682013988494873,7.886658191680908,5.407323360443115,13153867,0.0,0.0
2017-03-07,7.886658191680908,7.926012992858887,7.807949066162109,7.87091588973999,5.396530151367188,19206656,0.0,0.0
2017-03-08,7.902400016784668,7.918141841888428,7.839433193206787,7.894528865814209,5.412720203399658,11260441,0.0,0.0
2017-03-09,7.926012992858887,7.965366840362549,7.886658191680908,7.9496259689331055,5.450497150421143,19068807,0.0,0.0
2017-03-10,7.981109142303467,8.099172592163086,7.965366840362549,8.083431243896484,5.542238235473633,16842002,0.0,0.0
2017-03-13,8.122785568237305,8.193623542785645,8.083431243896484,8.107044219970703,5.558428287506104,15792823,0.0,0.0
2017-03-14,8.107044219970703,8.162139892578125,8.059818267822266,8.107044219970703,5.558428287506104,17675196,0.0,0.0
2017-03-15,8.107044219970703,8.154269218444824,8.036206245422363,8.083431243896484,5.542238235473633,33447691,0.0,0.0
2017-03-16,8.067688941955566,8.091301918029785,7.863046169281006,7.926012992858887,5.434306621551514,22482386,0.0,0.0
2017-03-17,6.792601108551025,7.319952011108398,6.713891983032227,7.162534236907959,4.910842418670654,77433544,0.0,0.0
2017-03-20,7.280598163604736,7.438015937805176,7.162534236907959,7.20975923538208,4.943221569061279,43171971,0.0,0.0
2017-03-21,7.17040491104126,7.17040491104126,6.934277057647705,7.005115985870361,4.802910804748535,33862001,0.0,0.0
2017-03-22,7.060212135314941,7.186147212982178,7.044469833374023,7.091695785522461,4.862274646759033,23179002,0.0,0.0
2017-03-23,7.194017887115479,7.264855861663818,7.091695785522461,7.091695785522461,4.862274646759033,32830736,0.0,0.0
2017-03-24,7.123178958892822,7.178276062011719,6.894923210144043,6.926405906677246,4.748946666717529,41396828,0.0,0.0
2017-03-27,6.981503009796143,7.115307807922363,6.981503009796143,7.060212135314941,4.840689659118652,31893996,0.0,0.0
2017-03-28,7.060212135314941,7.060212135314941,7.060212135314941,7.060212135314941,4.840689659118652,0,0.0,0.0
2017-03-29,7.060212135314941,7.131050109863281,7.060212135314941,7.107438087463379,4.873068332672119,10679060,0.0,0.0
2017-03-30,7.107438087463379,7.138920783996582,6.989374160766602,7.044469833374023,4.829895496368408,23614275,0.0,0.0
2017-03-31,7.075953960418701,7.09956693649292,6.871310234069824,6.887052059173584,4.729890823364258,17848111,0.011806,0.0
2017-04-03,6.942148208618164,6.973631858825684,6.871310234069824,6.926405906677246,4.756918907165527,16194047,0.0,0.0
2017-04-04,6.887052059173584,6.989374160766602,6.847696781158447,6.894923210144043,4.735297679901123,9342367,0.0,0.0
2017-04-05,6.902793884277344,7.036599159240723,6.902793884277344,6.989374160766602,4.8001627922058105,13697895,0.0,0.0
2017-04-06,7.060212135314941,7.1546630859375,7.036599159240723,7.107438087463379,4.881248950958252,15710621,0.0,0.0
2017-04-07,7.08382511138916,7.131050109863281,7.005115985870361,7.052340984344482,4.843408107757568,15389058,0.0,0.0
2017-04-10,7.091695785522461,7.131050109863281,6.926405906677246,6.934277057647705,4.762326240539551,16628431,0.0,0.0
2017-04-11,6.950018882751465,6.965761184692383,6.816214084625244,6.934277057647705,4.762326240539551,14652422,0.0,0.0
2017-04-12,6.957890033721924,7.005115985870361,6.934277057647705,6.981503009796143,4.794758319854736,11527500,0.0,0.0
2017-04-13,7.020856857299805,7.123178958892822,6.981503009796143,7.052340984344482,4.843408107757568,29715724,0.0,0.0
2017-04-18,7.052340984344482,7.052340984344482,7.052340984344482,7.052340984344482,4.843408107757568,0,0.0,0.0
2017-04-19,7.005115985870361,7.115307807922363,6.973631858825684,7.091695785522461,4.870437145233154,25401868,0.0,0.0
2017-04-20,7.08382511138916,7.1546630859375,7.060212135314941,7.09956693649292,4.8758416175842285,11339974,0.0,0.0
2017-04-21,7.08382511138916,7.08382511138916,6.871310234069824,6.918536186218262,4.751514434814453,22004424,0.0,0.0
2017-04-24,6.950018882751465,6.973631858825684,6.855567932128906,6.879180908203125,4.724486351013184,10301722,0.0,0.0
2017-04-25,6.910665035247803,6.926405906677246,6.847696781158447,6.894923210144043,4.735297679901123,17623740,0.0,0.0
2017-04-26,6.910665035247803,6.926405906677246,6.824085235595703,6.824085235595703,4.686646938323975,15129495,0.0,0.0
2017-04-27,6.887052059173584,7.044469833374023,6.855567932128906,7.005115985870361,4.810973644256592,17815967,0.0,0.0
2017-04-28,6.997244834899902,7.036599159240723,6.871310234069824,6.871310234069824,4.719080448150635,19127631,0.0,0.0
2017-05-02,6.902793884277344,6.989374160766602,6.871310234069824,6.934277057647705,4.762326240539551,14219054,0.0,0.0
2017-05-03,6.973631858825684,7.044469833374023,6.910665035247803,7.028728008270264,4.82719087600708,11394098,0.0,0.0
2017-05-04,7.08382511138916,7.115307807922363,7.044469833374023,7.09956693649292,4.8758416175842285,12679717,0.0,0.0
2017-05-05,7.115307807922363,7.131050109863281,7.075953960418701,7.09956693649292,4.8758416175842285,11460672,0.0,0.0
2017-05-08,7.08382511138916,7.131050109863281,7.08382511138916,7.091695785522461,4.870437145233154,7439920,0.0,0.0
2017-05-09,7.107438087463379,7.2018890380859375,7.091695785522461,7.162534236907959,4.919086456298828,22599145,0.0,0.0
2017-05-10,7.17040491104126,7.186147212982178,7.036599159240723,7.068082809448242,4.854220867156982,10930365,0.0,0.0
2017-05-11,7.09956693649292,7.131050109863281,7.020856857299805,7.060212135314941,4.84881591796875,23019427,0.0,0.0
2017-05-12,7.08382511138916,7.138920783996582,7.068082809448242,7.123178958892822,4.892056941986084,10660638,0.0,0.0
2017-05-15,7.123178958892822,7.22550106048584,7.08382511138916,7.22550106048584,4.962331771850586,12487109,0.0,0.0
2017-05-16,7.256985187530518,7.280598163604736,7.115307807922363,7.2412428855896,4.973144054412842,36916029,0.0,0.0
2017-05-18,7.256985187530518,7.304210186004639,7.22550106048584,7.264855861663818,4.989360809326172,21025885,0.0,0.0
2017-05-19,7.288468837738037,7.296339988708496,7.194017887115479,7.249114036560059,4.978549480438232,23817301,0.0,0.0
2017-05-22,7.2412428855896,7.256985187530518,7.178276062011719,7.22550106048584,4.962331771850586,16158219,0.0,0.0
2017-05-23,7.20975923538208,7.288468837738037,7.186147212982178,7.288468837738037,5.005575180053711,20663284,0.0,0.0
2017-05-24,7.304210186004639,7.319952011108398,7.186147212982178,7.22550106048584,4.962331771850586,22176831,0.0,0.0
2017-05-26,7.22550106048584,7.280598163604736,7.20975923538208,7.256985187530518,4.983954906463623,20687551,0.0,0.0
2017-05-29,7.249114036560059,7.280598163604736,7.22550106048584,7.2412428855896,4.973144054412842,14476331,0.0,0.0
2017-05-30,7.280598163604736,7.280598163604736,7.217629909515381,7.2412428855896,4.973144054412842,12870037,0.0,0.0
2017-05-31,7.264855861663818,7.343564987182617,7.249114036560059,7.304210186004639,5.016386985778809,12854537,0.0,0.0
2017-06-01,7.304210186004639,7.343564987182617,7.20975923538208,7.217629909515381,4.956925868988037,22912832,0.0,0.0
2017-06-02,7.280598163604736,7.296339988708496,7.217629909515381,7.272727012634277,4.994766712188721,17450952,0.0,0.0
2017-06-06,7.272727012634277,7.288468837738037,7.217629909515381,7.272727012634277,4.994766712188721,29132565,0.0,0.0
2017-06-07,7.288468837738037,7.319952011108398,7.2412428855896,7.280598163604736,5.000171184539795,18494668,0.0,0.0
2017-06-08,7.367177963256836,7.548209190368652,7.367177963256836,7.516725063323975,5.162337303161621,22765962,0.0,0.0
2017-06-09,7.508853912353516,7.658401966094971,7.485241889953613,7.603304862976074,5.221798896789551,38875394,0.0,0.0
2017-06-12,7.603304862976074,7.658401966094971,7.571822166442871,7.587563037872314,5.210988521575928,25248519,0.0,0.0
2017-06-13,7.603304862976074,7.634788990020752,7.524596214294434,7.563951015472412,5.194772720336914,10111401,0.0,0.0
2017-06-14,7.595434188842773,7.752852916717529,7.571822166442871,7.7292399406433105,5.308290004730225,21177456,0.0,0.0
2017-06-15,7.7371110916137695,7.847303867340088,7.689885139465332,7.7371110916137695,5.313695907592773,34642723,0.0,0.0
2017-06-16,7.705626964569092,7.721368789672852,7.626917839050293,7.705626964569092,5.292073249816895,23861260,0.0,0.0
2017-06-19,7.682013988494873,7.705626964569092,7.571822166442871,7.650530815124512,5.254233360290527,14770197,0.0,0.0
2017-06-20,7.642660140991211,7.713498115539551,7.587563037872314,7.689885139465332,5.281262397766113,15204835,0.0,0.0
2017-06-21,7.713498115539551,7.855175018310547,7.682013988494873,7.80007791519165,5.356941223144531,17058114,0.0,0.0
2017-06-22,7.807949066162109,7.847303867340088,7.776464939117432,7.776464939117432,5.383639335632324,16247026,0.06218,0.0
2017-06-23,7.80007791519165,7.847303867340088,7.689885139465332,7.784336090087891,5.389087677001953,24751118,0.0,0.0
2017-06-26,7.768595218658447,7.776464939117432,7.67414379119873,7.721368789672852,5.345497131347656,21257243,0.0,0.0
2017-06-27,7.7292399406433105,7.839433193206787,7.721368789672852,7.823690891265869,5.41633415222168,21341859,0.0,0.0
2017-06-28,7.839433193206787,7.839433193206787,7.752852916717529,7.815820217132568,5.410885810852051,10854262,0.0,0.0
2017-06-29,7.847303867340088,8.036206245422363,7.847303867340088,7.894528865814209,5.465374946594238,24708556,0.0,0.0
2017-06-30,7.933884143829346,8.059818267822266,7.894528865814209,8.059818267822266,5.579804420471191,16510401,0.0,0.0
2017-07-03,8.044076919555664,8.170010566711426,8.036206245422363,8.122785568237305,5.623395919799805,27770970,0.0,0.0
2017-07-04,8.177882194519043,8.185752868652344,8.036206245422363,8.107044219970703,5.61250114440918,16787243,0.0,0.0
2017-07-05,8.107044219970703,8.170010566711426,8.067688941955566,8.091301918029785,5.601600646972656,24691278,0.0,0.0
2017-07-06,8.059818267822266,8.201495170593262,8.012593269348145,8.154269218444824,5.6451921463012695,23506409,0.0,0.0
2017-07-07,8.185752868652344,8.193623542785645,8.091301918029785,8.162139892578125,5.650642395019531,26942858,0.0,0.0
2017-07-10,8.177882194519043,8.193623542785645,7.9574971199035645,8.028334617614746,5.558008670806885,27810736,0.0,0.0
2017-07-11,8.091301918029785,8.256590843200684,8.059818267822266,8.170010566711426,5.664421558380127,22030851,0.011806,0.0
2017-07-12,8.170010566711426,8.201495170593262,8.122785568237305,8.138527870178223,5.642592906951904,8009613,0.0,0.0
2017-07-13,8.232978820800781,8.28807544708252,8.130657196044922,8.185752868652344,5.6753363609313965,23413917,0.0,0.0
2017-07-14,8.240850448608398,8.4454927444458,8.232978820800781,8.414010047912598,5.833590030670166,33685782,0.0,0.0
2017-07-17,8.414010047912598,8.414010047912598,8.414010047912598,8.414010047912598,5.833590030670166,0,0.0,0.0
2017-07-18,8.35891342163086,8.53994369506836,8.351041793823242,8.4376220703125,5.84996223449707,31046954,0.0,0.0
2017-07-19,8.500590324401855,8.650136947631836,8.476977348327637,8.547815322875977,5.926358222961426,33317719,0.0,0.0
2017-07-20,8.563556671142578,8.650136947631836,8.524203300476074,8.587169647216797,5.953645706176758,19345141,0.0,0.0
2017-07-21,8.595041275024414,8.665879249572754,8.524203300476074,8.610782623291016,5.970015525817871,20199298,0.0,0.0
2017-07-24,8.595041275024414,8.689492225646973,8.563556671142578,8.642266273498535,5.991844177246094,29046171,0.0,0.0
2017-07-25,8.634394645690918,8.894136428833008,8.602911949157715,8.831168174743652,6.122812271118164,35448474,0.0,0.0
2017-07-26,8.823296546936035,8.894136428833008,8.776071548461914,8.88626480102539,6.161014556884766,17413345,0.0,0.0
2017-07-27,8.90987777709961,8.91774845123291,8.720974922180176,8.854781150817871,6.139185428619385,18321753,0.0,0.0
2017-07-28,8.862651824951172,8.87839412689209,8.626523971557617,8.768200874328613,6.079155921936035,20196630,0.0,0.0
2017-07-31,8.80755615234375,8.84691047668457,8.713105201721191,8.776071548461914,6.0846147537231445,22306041,0.0,0.0
2017-08-01,8.776071548461914,8.80755615234375,8.713105201721191,8.760330200195312,6.073699951171875,21611459,0.0,0.0
2017-08-02,8.744587898254395,8.776071548461914,8.610782623291016,8.665879249572754,6.008215427398682,18420979,0.0,0.0
2017-08-03,8.681620597839355,8.776071548461914,8.650136947631836,8.658007621765137,6.002758502960205,27863589,0.0,0.0
2017-08-04,8.697362899780273,8.736717224121094,8.500590324401855,8.532073020935059,5.915445327758789,45491777,0.0,0.0
2017-08-07,8.547815322875977,8.579298973083496,8.484848022460938,8.516331672668457,5.904531002044678,21188509,0.0,0.0
2017-08-08,8.563556671142578,8.713105201721191,8.547815322875977,8.681620597839355,6.019128799438477,20744088,0.0,0.0
2017-08-09,8.665879249572754,8.673749923706055,8.587169647216797,8.626523971557617,5.980931282043457,18096620,0.0,0.0
2017-08-10,8.650136947631836,8.964974403381348,8.634394645690918,8.964974403381348,6.215584754943848,19848640,0.0,0.0
2017-08-11,8.972845077514648,8.972845077514648,8.799684524536133,8.902007102966309,6.171927452087402,14925452,0.0,0.0
2017-08-14,8.933489799499512,9.106650352478027,8.933489799499512,8.95710277557373,6.210125923156738,22410222,0.0,0.0
2017-08-15,8.933489799499512,8.933489799499512,8.831168174743652,8.91774845123291,6.182840347290039,13941196,0.0,0.0
2017-08-16,8.925619125366211,8.925619125366211,8.736717224121094,8.783943176269531,6.090072154998779,14157943,0.0,0.0
2017-08-17,8.870523452758789,8.98071575164795,8.839038848876953,8.964974403381348,6.215584754943848,15377877,0.0,0.0
2017-08-18,8.933489799499512,8.988587379455566,8.870523452758789,8.941361427307129,6.199213027954102,18882298,0.0,0.0
2017-08-21,8.941361427307129,8.941361427307129,8.941361427307129,8.941361427307129,6.199213027954102,0,0.0,0.0
2017-08-22,8.972845077514648,9.02007007598877,8.84691047668457,8.933489799499512,6.193758010864258,19850927,0.0,0.0
2017-08-23,8.95710277557373,8.972845077514648,8.823296546936035,8.894136428833008,6.166469573974609,11798752,0.0,0.0
2017-08-24,8.894136428833008,8.894136428833008,8.783943176269531,8.791813850402832,6.095528602600098,12041926,0.0,0.0
2017-08-25,8.80755615234375,8.87839412689209,8.768200874328613,8.831168174743652,6.122812271118164,23961248,0.0,0.0
2017-08-28,8.815425872802734,8.815425872802734,8.665879249572754,8.776071548461914,6.0846147537231445,13598923,0.0,0.0
2017-08-29,8.799684524536133,8.823296546936035,8.728845596313477,8.776071548461914,6.0846147537231445,7978358,0.0,0.0
2017-08-30,8.776071548461914,8.783943176269531,8.555685997009277,8.571428298950195,5.942732334136963,15934611,0.0,0.0
2017-08-31,8.595041275024414,8.760330200195312,8.524203300476074,8.760330200195312,6.073699951171875,25426389,0.0,0.0
2017-09-01,8.783943176269531,8.90987777709961,8.681620597839355,8.894136428833008,6.166469573974609,35591787,0.0,0.0
2017-09-04,8.90987777709961,8.964974403381348,8.736717224121094,8.799684524536133,6.100985527038574,14781632,0.0,0.0
2017-09-05,8.80755615234375,8.88626480102539,8.736717224121094,8.776071548461914,6.0846147537231445,16000295,0.0,0.0
2017-09-06,8.768200874328613,8.776071548461914,8.453364372253418,8.532073020935059,5.915445327758789,31035011,0.0,0.0
2017-09-07,8.587169647216797,8.626523971557617,8.248720169067383,8.248720169067383,5.718992710113525,34189027,0.0,0.0
2017-09-08,8.374654769897461,8.382526397705078,8.154269218444824,8.185752868652344,5.6753363609313965,29181987,0.0,0.0
2017-09-11,8.185752868652344,8.185752868652344,8.185752868652344,8.185752868652344,5.6753363609313965,0,0.0,0.0
2017-09-12,8.248720169067383,8.32742977142334,8.146398544311523,8.2644624710083,5.729907035827637,35230583,0.0,0.0
2017-09-13,8.335301399230957,8.374654769897461,8.2644624710083,8.28807544708252,5.746277332305908,28123788,0.0,0.0
2017-09-14,8.280203819274902,8.29594612121582,8.075559616088867,8.107044219970703,5.620765686035156,26950481,0.0,0.0
2017-09-15,8.146398544311523,8.4454927444458,8.146398544311523,8.374654769897461,5.806305408477783,25165936,0.0,0.0
2017-09-18,8.382526397705078,8.382526397705078,8.193623542785645,8.240850448608398,5.713536739349365,19958030,0.0,0.0
2017-09-19,8.248720169067383,8.280203819274902,8.146398544311523,8.240850448608398,5.713536739349365,11955150,0.0,0.0
2017-09-20,8.240850448608398,8.240850448608398,8.240850448608398,8.240850448608398,5.713536739349365,15488919,0.0,0.0
2017-09-21,8.240850448608398,8.374654769897461,8.091301918029785,8.122785568237305,5.631679534912109,24368952,0.0,0.0
2017-09-22,8.122785568237305,8.122785568237305,8.122785568237305,8.122785568237305,5.631679534912109,0,0.0,0.0
2017-09-25,8.114914894104004,8.32742977142334,8.114914894104004,8.248720169067383,5.718992710113525,13585075,0.0,0.0
2017-09-26,8.2644624710083,8.39826774597168,8.201495170593262,8.343171119689941,5.7844767570495605,20416935,0.0,0.0
2017-09-27,8.343171119689941,8.343171119689941,8.343171119689941,8.343171119689941,5.7844767570495605,0,0.0,0.0
2017-09-28,8.421880722045898,8.595041275024414,8.421880722045898,8.46910572052002,5.87178897857666,21020549,0.0,0.0
2017-09-29,8.484848022460938,8.524203300476074,8.382526397705078,8.4454927444458,5.855417251586914,20039342,0.0,0.0
2017-10-02,8.453364372253418,8.476977348327637,8.343171119689941,8.4376220703125,5.84996223449707,7670389,0.0,0.0
2017-10-03,8.453364372253418,8.453364372253418,8.35891342163086,8.35891342163086,5.795392036437988,9893510,0.0,0.0
2017-10-04,8.343171119689941,8.492718696594238,8.272333145141602,8.492718696594238,5.888160705566406,10246836,0.0,0.0
2017-10-05,8.53994369506836,8.579298973083496,8.4454927444458,8.461235046386719,5.866331577301025,13015764,0.0,0.0
2017-10-06,8.484848022460938,8.532073020935059,8.256590843200684,8.256590843200684,5.7244486808776855,16328084,0.0,0.0
2017-10-09,8.232978820800781,8.2644624710083,8.083431243896484,8.170010566711426,5.664421558380127,37680107,0.0,0.0
2017-10-10,8.099172592163086,8.2644624710083,8.067688941955566,8.232978820800781,5.716340065002441,17514096,0.011806,0.0
2017-10-11,8.303816795349121,8.421880722045898,8.232978820800781,8.2644624710083,5.7382001876831055,13974737,0.0,0.0
2017-10-12,8.2644624710083,8.4454927444458,8.154269218444824,8.22510814666748,5.710875034332275,13971053,0.0,0.0
2017-10-13,8.209365844726562,8.343171119689941,8.091301918029785,8.343171119689941,5.792847633361816,16138399,0.0,0.0
2017-10-16,8.209365844726562,8.28807544708252,8.075559616088867,8.248720169067383,5.727268218994141,23461942,0.0,0.0
2017-10-17,8.303816795349121,8.390397071838379,8.280203819274902,8.280203819274902,5.749127864837647,11471217,0.0,0.0
2017-10-18,8.32742977142334,8.390397071838379,8.256590843200684,8.319559097290039,5.776453018188477,13084625,0.0,0.0
2017-10-19,8.28807544708252,8.406139373779297,8.177882194519043,8.406139373779297,5.836567401885986,20314786,0.0,0.0
2017-10-20,8.4454927444458,8.46910572052002,8.21723747253418,8.28807544708252,5.754593372344971,29966140,0.0,0.0
2017-10-23,8.272333145141602,8.272333145141602,8.146398544311523,8.2644624710083,5.7382001876831055,47116238,0.0,0.0
2017-10-24,8.240850448608398,8.343171119689941,8.22510814666748,8.303816795349121,5.765523433685303,33078610,0.0,0.0
2017-10-25,8.343171119689941,8.406139373779297,8.2644624710083,8.2644624710083,5.7382001876831055,20141363,0.0,0.0
2017-10-26,8.2644624710083,8.272333145141602,8.154269218444824,8.185752868652344,5.683549880981445,17644449,0.0,0.0
2017-10-27,8.2644624710083,8.311688423156738,8.232978820800781,8.311688423156738,5.770989418029785,9842563,0.0,0.0
2017-10-30,8.32742977142334,8.618654251098633,8.303816795349121,8.618654251098633,5.98412036895752,22112417,0.0,0.0
2017-10-31,8.579298973083496,8.634394645690918,8.524203300476074,8.626523971557617,5.989587306976318,11131612,0.0,0.0
2017-11-01,8.626523971557617,8.626523971557617,8.626523971557617,8.626523971557617,5.989587306976318,0,0.0,0.0
2017-11-02,8.555685997009277,8.618654251098633,8.516331672668457,8.532073020935059,6.016258716583252,8478427,0.132279,0.0
2017-11-03,8.563556671142578,8.618654251098633,8.484848022460938,8.508460998535156,5.99960994720459,13862679,0.0,0.0
2017-11-06,8.524203300476074,8.563556671142578,8.484848022460938,8.516331672668457,6.005161285400391,18655132,0.0,0.0
2017-11-07,8.516331672668457,8.516331672668457,8.516331672668457,8.516331672668457,6.005161285400391,0,0.0,0.0
2017-11-08,8.555685997009277,8.681620597839355,8.53994369506836,8.681620597839355,6.121709823608398,16217297,0.0,0.0
2017-11-09,8.642266273498535,8.815425872802734,8.610782623291016,8.783943176269531,6.193862438201904,15591194,0.0,0.0
2017-11-10,8.80755615234375,8.972845077514648,8.791813850402832,8.94923210144043,6.31041145324707,16520565,0.0,0.0
2017-11-13,8.94923210144043,8.964974403381348,8.854781150817871,8.964974403381348,6.321512222290039,12525986,0.0,0.0
2017-11-14,8.91774845123291,8.95710277557373,8.87839412689209,8.95710277557373,6.315963745117188,12733586,0.0,0.0
2017-11-15,8.964974403381348,8.964974403381348,8.80755615234375,8.815425872802734,6.216061592102051,28712156,0.0,0.0
2017-11-16,8.799684524536133,8.84691047668457,8.720974922180176,8.815425872802734,6.216061592102051,14015774,0.0,0.0
2017-11-17,8.84691047668457,8.964974403381348,8.80755615234375,8.95710277557373,6.315963745117188,16246264,0.0,0.0
2017-11-20,8.90987777709961,8.98071575164795,8.894136428833008,8.98071575164795,6.332614898681641,25013476,0.0,0.0
2017-11-21,8.988587379455566,9.090909004211426,8.988587379455566,9.090909004211426,6.410315036773682,9226116,0.0,0.0
2017-11-22,9.075166702270508,9.240455627441406,9.051553726196287,9.208971977233888,6.493563652038574,18454901,0.0,0.0
2017-11-23,9.169617652893066,9.397873878479004,9.146004676818848,9.350648880004885,6.593465328216553,17334574,0.0,0.0
2017-11-24,9.334906578063965,9.46084213256836,9.327035903930664,9.397873878479004,6.626764297485352,25211929,0.0,0.0
2017-11-27,9.421486854553224,9.492324829101562,9.358519554138184,9.429357528686523,6.648963928222656,11665985,0.0,0.0
2017-11-28,9.413616180419922,9.665486335754396,9.413616180419922,9.665486335754396,6.815467834472656,23208731,0.0,0.0
2017-11-29,9.641873359680176,9.712711334228516,9.53955078125,9.53955078125,6.726667881011963,15663486,0.0,0.0
2017-11-30,9.63400173187256,10.16135311126709,9.63400173187256,10.16135311126709,7.16511869430542,32530390,0.0,0.0
2017-12-01,10.16135311126709,10.16135311126709,10.16135311126709,10.16135311126709,7.16511869430542,0,0.0,0.0
2017-12-04,10.279417037963867,10.641478538513184,10.24006175994873,10.586382865905762,7.464825630187988,43793499,0.0,0.0
2017-12-05,10.531286239624023,10.570640563964844,10.287287712097168,10.310900688171388,7.270575046539307,18777481,0.0,0.0
2017-12-06,10.287287712097168,10.373867988586426,10.114128112792969,10.373867988586426,7.314973831176758,28591586,0.0,0.0
2017-12-07,10.428963661193848,10.60999584197998,10.389610290527344,10.428963661193848,7.353823184967041,30193940,0.0,0.0
2017-12-08,10.428963661193848,10.539156913757324,10.287287712097168,10.397480964660645,7.331621170043945,25872970,0.0,0.0
2017-12-11,10.247933387756348,10.334512710571287,10.137741088867188,10.232192039489746,7.21506929397583,20051031,0.0,0.0
2017-12-12,10.145610809326172,10.279417037963867,9.917354583740234,9.917354583740234,6.993068218231201,18303331,0.0,0.0
2017-12-13,9.854388236999512,10.350255012512209,9.807162284851074,10.303030014038086,7.265023231506348,33319624,0.0,0.0
2017-12-14,10.303030014038086,10.318772315979004,10.043290138244627,10.09051513671875,7.115173816680908,28408507,0.0,0.0
2017-12-15,10.129870414733888,10.255804061889648,9.94883918762207,9.996064186096191,7.048569679260254,31710028,0.0,0.0
2017-12-18,9.988192558288574,10.129870414733888,9.783549308776855,9.980321884155272,7.037471294403076,25711235,0.0,0.0
2017-12-19,10.08264446258545,10.397480964660645,10.08264446258545,10.303030014038086,7.265023231506348,22995668,0.0,0.0
2017-12-20,10.381738662719728,10.468318939208984,10.287287712097168,10.303030014038086,7.265023231506348,12154746,0.0,0.0
2017-12-21,10.342384338378906,10.547027587890623,10.287287712097168,10.547027587890623,7.437073230743408,31977341,0.0,0.0
2017-12-22,10.554899215698242,10.625737190246582,10.452576637268066,10.523414611816406,7.420426368713379,14551544,0.0,0.0
2017-12-27,10.759543418884276,11.003540992736816,10.66509246826172,10.948445320129396,7.720128536224365,48853647,0.0,0.0
2017-12-28,11.019283294677734,11.349862098693848,11.019283294677734,11.137347221374512,7.853328227996826,37371122,0.0,0.0
2017-12-29,11.145217895507812,11.357732772827148,11.145217895507812,11.318378448486328,7.98098087310791,39848470,0.0,0.0
2018-01-02,10.806768417358398,10.8146390914917,10.50767421722412,10.72805881500244,7.9339728355407715,29261520,0.526761,0.0
2018-01-03,10.77528476715088,10.806768417358398,10.6493501663208,10.74380111694336,7.945618152618408,20479570,0.0,0.0
2018-01-04,10.73593044281006,10.73593044281006,10.523414611816406,10.60212516784668,7.840839385986328,13352700,0.0,0.0
2018-01-05,10.60212516784668,10.60212516784668,10.326642990112305,10.326642990112305,7.637106418609619,62847315,0.0,0.0
2018-01-08,10.365997314453123,10.523414611816406,10.334512710571287,10.491931915283203,7.7682294845581055,22990713,0.011806,0.0
2018-01-09,10.444705963134766,10.57851219177246,10.303030014038086,10.57851219177246,7.832332611083984,24287132,0.0,0.0
2018-01-10,10.57851219177246,10.861865043640137,10.554899215698242,10.861865043640137,8.042126655578613,17041089,0.0,0.0
2018-01-11,10.948445320129396,11.011411666870115,10.8146390914917,10.8146390914917,8.007157325744629,16987220,0.0,0.0
2018-01-12,10.806768417358398,10.8146390914917,10.641478538513184,10.783156394958496,7.983851432800293,18931974,0.0,0.0
2018-01-15,10.838252067565918,10.853994369506836,10.633607864379885,10.71231746673584,7.931402683258057,16168001,0.0,0.0
2018-01-16,10.73593044281006,10.893348693847656,10.72805881500244,10.806768417358398,8.001334190368652,17301923,0.0,0.0
2018-01-17,10.838252067565918,10.924832344055176,10.783156394958496,10.909090042114258,8.077092170715332,12845136,0.0,0.0
2018-01-18,10.924832344055176,10.932703018188477,10.767414093017578,10.838252067565918,8.024643898010254,11581623,0.0,0.0
2018-01-19,10.853994369506836,10.885478019714355,10.67296314239502,10.72805881500244,7.94305419921875,11322823,0.0,0.0
2018-01-22,10.625737190246582,10.74380111694336,10.570640563964844,10.68083381652832,7.908091068267822,23532073,0.0,0.0
2018-01-23,10.68083381652832,10.791027069091797,10.57851219177246,10.57851219177246,7.832332611083984,24454965,0.0,0.0
2018-01-24,10.547027587890623,10.57851219177246,10.373867988586426,10.468318939208984,7.750744342803955,15829540,0.0,0.0
2018-01-25,10.50767421722412,10.531286239624023,10.381738662719728,10.468318939208984,7.750744342803955,13205831,0.0,0.0
2018-01-26,10.476189613342283,10.523414611816406,10.397480964660645,10.484061241149902,7.762402057647705,16834252,0.0,0.0
2018-01-29,10.491931915283203,10.570640563964844,10.350255012512209,10.444705963134766,7.733266830444336,11538045,0.0,0.0
2018-01-30,10.397480964660645,10.688705444335938,10.389610290527344,10.476189613342283,7.756574630737305,18206519,0.0,0.0
2018-01-31,10.562769889831545,10.657220840454102,10.539156913757324,10.6493501663208,7.884779930114746,11958327,0.0,0.0
2018-02-01,10.67296314239502,10.72018814086914,10.468318939208984,10.539156913757324,7.803191661834717,12159193,0.0,0.0
2018-02-02,10.468318939208984,10.66509246826172,10.444705963134766,10.66509246826172,7.89643669128418,10848926,0.0,0.0
2018-02-05,10.688705444335938,10.972058296203612,10.688705444335938,10.853994369506836,8.036299705505371,21907231,0.0,0.0
2018-02-06,10.861865043640137,10.956315994262695,10.67296314239502,10.791027069091797,7.98967981338501,13437443,0.0,0.0
2018-02-07,10.830381393432615,10.885478019714355,10.6493501663208,10.73593044281006,7.948885917663574,10851340,0.0,0.0
2018-02-08,10.586382865905762,10.783156394958496,10.499802589416504,10.74380111694336,7.9547119140625,12720246,0.0,0.0
2018-02-09,10.91696071624756,10.987799644470217,10.696576118469238,10.71231746673584,7.931402683258057,15082359,0.0,0.0
2018-02-12,10.74380111694336,10.75167179107666,10.50767421722412,10.625737190246582,7.867298126220703,14482937,0.0,0.0
2018-02-13,10.66509246826172,10.66509246826172,10.389610290527344,10.413223266601562,7.709953308105469,15299233,0.0,0.0
2018-02-14,10.491931915283203,10.539156913757324,10.358125686645508,10.460448265075684,7.744917392730713,15310287,0.0,0.0
2018-02-15,10.452576637268066,10.562769889831545,10.436835289001465,10.452576637268066,7.73908805847168,20836072,0.0,0.0
2018-02-16,10.50767421722412,10.617865562438965,10.476189613342283,10.617865562438965,7.86146879196167,14314215,0.0,0.0
2018-02-19,10.586382865905762,10.60212516784668,10.365997314453123,10.389610290527344,7.692471981048584,10402091,0.0,0.0
2018-02-20,10.405351638793944,10.444705963134766,10.145610809326172,10.200708389282228,7.552607536315918,13273040,0.0,0.0
2018-02-21,10.216449737548828,10.413223266601562,10.16922378540039,10.389610290527344,7.692471981048584,17182114,0.0,0.0
2018-02-22,10.468318939208984,10.67296314239502,10.468318939208984,10.594253540039062,7.843988418579102,16160887,0.0,0.0
2018-02-23,10.617865562438965,10.617865562438965,10.365997314453123,10.428963661193848,7.721606731414795,12643888,0.0,0.0
2018-02-26,10.428963661193848,10.436835289001465,10.255804061889648,10.342384338378906,7.6575026512146,11029845,0.0,0.0
2018-02-27,10.310900688171388,10.381738662719728,10.216449737548828,10.381738662719728,7.68663740158081,7517294,0.0,0.0
2018-02-28,10.428963661193848,10.491931915283203,10.326642990112305,10.358125686645508,7.669157981872559,12573122,0.0,0.0
2018-03-01,10.295159339904783,10.428963661193848,10.247933387756348,10.421093940734863,7.715777397155762,14828640,0.0,0.0
2018-03-02,10.452576637268066,10.759543418884276,10.436835289001465,10.759543418884276,7.966368198394775,20829974,0.0,0.0
2018-03-05,10.783156394958496,10.8146390914917,10.539156913757324,10.77528476715088,7.978024959564209,14488019,0.0,0.0
2018-03-06,10.791027069091797,10.830381393432615,10.6493501663208,10.71231746673584,7.931402683258057,14354109,0.0,0.0
2018-03-07,10.641478538513184,10.641478538513184,10.035419464111328,10.074772834777832,7.459358692169189,50261107,0.0,0.0
2018-03-08,10.114128112792969,10.184966087341309,9.783549308776855,9.799290657043455,7.255395889282227,46139605,0.0,0.0
2018-03-09,9.791419982910156,9.838645935058594,9.641873359680176,9.641873359680176,7.138843059539795,28024816,0.0,0.0
2018-03-12,9.689098358154297,9.728452682495115,9.61038875579834,9.657614707946776,7.150500297546387,17477633,0.0,0.0
2018-03-13,9.696969032287598,9.744194984436035,9.555293083190918,9.68122673034668,7.167979717254639,24663073,0.0,0.0
2018-03-14,9.744194984436035,9.783549308776855,9.60251808166504,9.704839706420898,7.185465335845947,20811933,0.0,0.0
2018-03-15,9.767807006835938,10.035419464111328,9.767807006835938,10.027547836303713,7.4243974685668945,20845982,0.0,0.0
2018-03-16,9.980321884155272,10.059030532836914,9.783549308776855,9.870128631591797,7.307845115661621,12734094,0.0,0.0
2018-03-19,9.893741607666016,9.925226211547852,9.61038875579834,9.728452682495115,7.202947616577148,17626154,0.0,0.0
2018-03-20,9.571035385131836,9.736324310302734,9.421486854553224,9.594647407531738,7.103878498077393,22315062,0.0,0.0
2018-03-21,9.57890510559082,9.744194984436035,9.547422409057615,9.689098358154297,7.17380952835083,14068500,0.0,0.0
2018-03-22,9.61038875579834,9.618260383605955,9.224714279174805,9.264068603515623,6.8591179847717285,29574063,0.0,0.0
2018-03-23,9.146004676818848,9.169617652893066,8.902007102966309,9.130263328552246,6.760047435760498,47834960,0.0,0.0
2018-03-26,9.311293601989746,9.342778205871582,8.996458053588867,9.075166702270508,6.719254493713379,24698392,0.0,0.0
2018-03-27,9.169617652893066,9.56316375732422,9.106650352478027,9.46871280670166,7.0106377601623535,43831614,0.0,0.0
2018-03-28,9.327035903930664,9.429357528686523,9.216842651367188,9.248327255249023,6.847462177276611,35077488,0.0,0.0
2018-04-03,9.130263328552246,9.405744552612305,9.075166702270508,9.397873878479004,6.958187580108643,26276481,0.0,0.0
2018-04-04,9.46871280670166,9.50019645690918,9.193230628967283,9.264068603515623,6.8591179847717285,21718308,0.0,0.0
2018-04-05,9.122391700744627,9.122391700744627,8.815425872802734,8.87839412689209,6.573563575744629,19127631,0.0,0.0
2018-04-06,8.94923210144043,9.051553726196287,8.760330200195312,8.815425872802734,6.526943683624268,28914293,0.0,0.0
2018-04-09,8.823296546936035,8.902007102966309,8.713105201721191,8.839038848876953,6.544424533843994,55283139,0.0,0.0
2018-04-10,9.090909004211426,9.116883277893066,8.675324440002441,8.961037635803223,6.643627643585205,43154842,0.011806,1.1
2018-04-11,9.03896141052246,9.246752738952637,9.01298713684082,9.246752738952637,6.8554534912109375,21861955,0.0,0.0
2018-04-12,9.177489280700684,9.220779418945312,8.744587898254395,8.787878036499023,6.515247344970703,33320595,0.0,0.0
2018-04-13,8.761903762817383,8.770562171936035,8.519479751586914,8.666666030883789,6.425383567810059,25608313,0.0,0.0
2018-04-16,8.484848022460938,8.554112434387207,7.844154834747314,8.138527870178223,6.033825874328613,83883145,0.0,0.0
2018-04-17,8.181818008422852,8.285714149475098,7.922077178955078,8.155843734741211,6.046665668487549,42487945,0.0,0.0
2018-04-18,8.216449737548828,8.251082420349121,7.870129108428955,7.965366840362549,5.905443668365479,20564313,0.0,0.0
2018-04-19,7.94805097579956,8.06926441192627,7.844154834747314,7.956708908081055,5.899027347564697,32054368,0.0,0.0
2018-04-20,7.965366840362549,8.017315864562988,7.740259170532227,7.896102905273437,5.854094982147217,39647338,0.0,0.0
2018-04-23,7.965366840362549,7.974024772644043,7.627705097198486,7.6363630294799805,5.661525249481201,29915655,0.0,0.0
2018-04-24,7.662336826324463,7.740259170532227,7.515151023864746,7.714284896850586,5.719298362731934,48158880,0.0,0.0
2018-04-25,7.662336826324463,7.662336826324463,7.4285712242126465,7.454545021057129,5.52672815322876,26232013,0.0,0.0
2018-04-26,7.419912815093994,7.94805097579956,7.367965221405029,7.783548831939697,5.7706475257873535,40651611,0.0,0.0
2018-04-27,7.913418769836426,8.02597427368164,7.731601238250732,7.94805097579956,5.892609119415283,23993046,0.0,0.0
2018-04-30,7.887444972991943,8.0,7.705626964569092,7.714284896850586,5.719298362731934,25189972,0.0,0.0
2018-05-02,7.783548831939697,7.861471176147461,7.670995235443115,7.774890899658203,5.764230251312256,23299006,0.0,0.0
2018-05-03,7.844154834747314,7.878787040710449,7.670995235443115,7.740259170532227,5.738554000854492,23100231,0.0,0.0
2018-05-04,7.800865173339844,7.878787040710449,7.705626964569092,7.870129108428955,5.834838390350342,20691247,0.0,0.0
2018-05-07,7.878787040710449,7.930735111236572,7.601730823516846,7.6363630294799805,5.661525249481201,18994206,0.0,0.0
2018-05-08,7.714284896850586,7.904760837554932,7.688311100006103,7.826838970184326,5.802742958068848,22273020,0.0,0.0
2018-05-09,7.922077178955078,8.051947593688965,7.896102905273437,7.94805097579956,5.892609119415283,23187433,0.0,0.0
2018-05-11,7.930735111236572,8.043290138244629,7.904760837554932,8.034631729125977,5.956798553466797,22649203,0.0,0.0
2018-05-14,8.147186279296875,8.372294425964355,8.095237731933594,8.303030014038086,6.155786037445068,21592494,0.0,0.0
2018-05-15,8.380951881408691,8.458873748779297,8.22510814666748,8.380951881408691,6.213557243347168,10818885,0.0,0.0
2018-05-16,8.450216293334961,8.46753215789795,8.251082420349121,8.39826774597168,6.226393699645996,18718276,0.0,0.0
2018-05-18,8.39826774597168,8.502163887023926,8.329004287719727,8.415583610534668,6.239232063293457,12241845,0.0,0.0
2018-05-22,8.49350643157959,8.562769889831543,8.277055740356445,8.432900428771973,6.252071857452393,16464640,0.0,0.0
2018-05-23,8.372294425964355,8.49350643157959,8.329004287719727,8.458873748779297,6.271325588226318,18654289,0.0,0.0
2018-05-24,8.484848022460938,8.632034301757812,8.484848022460938,8.580085754394531,6.361191749572754,14200840,0.0,0.0
2018-05-25,8.606060028076172,8.779219627380371,8.536795616149902,8.770562171936035,6.502410888671875,14164573,0.0,0.0
2018-05-28,8.753246307373047,8.865799903869629,8.683981895446777,8.822509765625,6.54092264175415,20872698,0.0,0.0
2018-05-29,8.813852310180664,9.082250595092772,8.69264030456543,8.995670318603516,6.6693034172058105,27431365,0.0,0.0
2018-05-30,9.004328727722168,9.082250595092772,8.935064315795898,8.987011909484863,6.662883758544922,30341388,0.0,0.0
2018-05-31,8.91774845123291,9.116883277893066,8.753246307373047,9.116883277893066,6.759169101715088,21469255,0.0,0.0
2018-06-01,9.402597427368164,9.471860885620115,9.298701286315918,9.4112548828125,6.9774169921875,21634074,0.0,0.0
2018-06-04,9.359307289123535,9.38528060913086,9.125540733337402,9.177489280700684,6.804103374481201,22714692,0.0,0.0
2018-06-05,9.307358741760254,9.333333015441896,9.168830871582031,9.194805145263672,6.816939353942871,19187553,0.0,0.0
2018-06-06,9.246752738952637,9.567098617553713,9.246752738952637,9.489176750183104,7.035183906555176,13995250,0.0,0.0
2018-06-07,9.567098617553713,9.567098617553713,9.298701286315918,9.324674606323242,6.913222789764404,14743344,0.0,0.0
2018-06-08,9.359307289123535,9.454545021057127,9.246752738952637,9.298701286315918,6.893967628479004,14162032,0.0,0.0
2018-06-11,9.359307289123535,9.46320343017578,9.307358741760254,9.393939018249512,6.964574337005615,17535672,0.0,0.0
2018-06-12,9.229436874389648,9.246752738952637,8.978354454040527,9.021644592285156,6.68856143951416,27822333,0.0,0.0
2018-06-13,9.047618865966797,9.2380952835083,9.01298713684082,9.220779418945312,6.836197853088379,15801901,0.0,0.0
2018-06-14,9.151515007019045,9.324674606323242,9.090909004211426,9.272727012634276,6.8747100830078125,12069403,0.0,0.0
2018-06-15,9.333333015441896,9.558441162109377,9.324674606323242,9.549782752990724,7.080117225646973,19674732,0.0,0.0
2018-06-18,9.567098617553713,9.567098617553713,9.38528060913086,9.4112548828125,6.9774169921875,14158452,0.0,0.0
2018-06-19,9.445886611938477,9.489176750183104,9.194805145263672,9.393939018249512,6.964574337005615,21996282,0.0,0.0
2018-06-20,9.43722915649414,9.523809432983398,9.177489280700684,9.194805145263672,6.816939353942871,23414044,0.0,0.0
2018-06-21,9.203462600708008,9.290042877197266,9.01298713684082,9.01298713684082,6.682143211364746,17569513,0.0,0.0
2018-06-22,8.935064315795898,8.935064315795898,8.536795616149902,8.666666030883789,6.425383567810059,35402598,0.0,0.0
2018-06-25,8.571428298950195,8.735930442810059,8.432900428771973,8.62337589263916,6.393287181854248,73040352,0.0,0.0
2018-06-26,8.744587898254395,8.865799903869629,8.666666030883789,8.831168174743652,6.547343254089356,22852830,0.0,0.0
2018-06-27,8.709956169128418,8.822509765625,8.666666030883789,8.813852310180664,6.534505844116211,28948804,0.0,0.0
2018-06-28,8.84848403930664,8.865799903869629,8.69264030456543,8.727272033691406,6.470311641693115,16737220,0.0,0.0
2018-06-29,8.675324440002441,8.727272033691406,8.580085754394531,8.614718437194824,6.386868000030518,22194595,0.0,0.0
2018-07-02,8.484848022460938,8.536795616149902,8.380951881408691,8.415583610534668,6.372968673706055,26373154,0.180779,0.0
2018-07-03,8.39826774597168,8.415583610534668,8.129870414733887,8.22510814666748,6.228726387023926,27500088,0.0,0.0
2018-07-04,8.164502143859863,8.432900428771973,8.112553596496582,8.406926155090332,6.366413116455078,17345559,0.0,0.0
2018-07-05,8.415583610534668,8.450216293334961,8.086580276489258,8.181818008422852,6.19594144821167,27665599,0.0,0.0
2018-07-06,8.277055740356445,8.329004287719727,8.147186279296875,8.216449737548828,6.222168922424316,16225786,0.0,0.0
2018-07-09,8.251082420349121,8.458873748779297,8.251082420349121,8.450216293334961,6.399195671081543,17811717,0.0,0.0
2018-07-10,8.476189613342285,8.49350643157959,8.251082420349121,8.311688423156738,6.294290542602539,20130148,0.0,0.0
2018-07-11,8.320345878601074,8.545454025268555,8.311688423156738,8.545454025268555,6.471315860748291,14845908,0.0,0.0
2018-07-12,8.450216293334961,8.476189613342285,8.155843734741211,8.164502143859863,6.1828293800354,26392096,0.0,0.0
2018-07-13,8.216449737548828,8.311688423156738,8.129870414733887,8.303030014038086,6.287732124328613,31672410,0.0,0.0
2018-07-16,8.216449737548828,8.22510814666748,8.19913387298584,8.19913387298584,6.218781471252441,9578415,0.012987,0.0
2018-07-17,8.22510814666748,8.259739875793457,8.051947593688965,8.103896141052246,6.146547794342041,14672889,0.0,0.0
2018-07-18,8.051947593688965,8.181818008422852,7.991341114044189,8.103896141052246,6.146547794342041,18925945,0.0,0.0
2018-07-19,8.1731595993042,8.432900428771973,8.051947593688965,8.39826774597168,6.369819641113281,22787457,0.0,0.0
2018-07-20,8.441557884216309,8.502163887023926,8.303030014038086,8.389610290527344,6.363253593444824,16326156,0.0,0.0
2018-07-23,8.242424011230469,8.242424011230469,8.043290138244629,8.043290138244629,6.100580215454102,16724169,0.0,0.0
2018-07-24,8.138527870178223,8.207792282104492,8.077921867370605,8.095237731933594,6.139979839324951,22576669,0.0,0.0
2018-07-25,8.155843734741211,8.181818008422852,8.034631729125977,8.147186279296875,6.179381847381592,16077022,0.0,0.0
2018-07-26,8.147186279296875,8.346320152282715,8.112553596496582,8.337661743164062,6.323850631713867,15643320,0.0,0.0
2018-07-27,8.26839828491211,8.476189613342285,8.251082420349121,8.46753215789795,6.422354221343994,16252236,0.0,0.0
2018-07-30,8.458873748779297,8.6493501663208,8.432900428771973,8.580085754394531,6.507720470428467,30494079,0.0,0.0
2018-07-31,8.510822296142578,8.709956169128418,8.46753215789795,8.571428298950195,6.501156806945801,34306734,0.0,0.0
2018-08-01,8.658007621765137,8.69264030456543,8.432900428771973,8.450216293334961,6.409221172332764,23101039,0.0,0.0
2018-08-02,8.528138160705566,8.683981895446777,8.476189613342285,8.545454025268555,6.481453895568848,42858931,0.0,0.0
2018-08-03,8.510822296142578,8.571428298950195,8.285714149475098,8.303030014038086,6.297584533691406,16413705,0.0,0.0
2018-08-06,8.19913387298584,8.39826774597168,8.1731595993042,8.372294425964355,6.350118160247803,27054604,0.0,0.0
2018-08-07,8.415583610534668,8.571428298950195,8.389610290527344,8.450216293334961,6.409221172332764,23156248,0.0,0.0
2018-08-08,8.484848022460938,8.735930442810059,8.484848022460938,8.701297760009766,6.59965705871582,49448784,0.0,0.0
2018-08-09,8.606060028076172,8.744587898254395,8.545454025268555,8.744587898254395,6.632493019104004,40549971,0.0,0.0
2018-08-10,8.753246307373047,8.787878036499023,8.588744163513184,8.6493501663208,6.5602569580078125,15755586,0.0,0.0
2018-08-13,8.831168174743652,9.047618865966797,8.831168174743652,9.004328727722168,6.829497814178467,31610155,0.0,0.0
2018-08-14,9.43722915649414,9.593072891235352,9.246752738952637,9.298701286315918,7.052770137786865,44739271,0.0,0.0
2018-08-15,9.255411148071287,9.264068603515623,9.030303001403809,9.229436874389648,7.000234127044678,47195263,0.0,0.0
2018-08-16,9.350648880004885,9.393939018249512,9.047618865966797,9.116883277893066,6.914865493774414,39133594,0.0,0.0
2018-08-17,9.70562744140625,9.930734634399414,9.48051929473877,9.670994758605955,7.335140705108643,61953622,0.0,0.0
2018-08-20,9.66233730316162,9.748916625976562,9.549782752990724,9.593072891235352,7.276040554046631,50278998,0.0,0.0
2018-08-21,9.43722915649414,9.515151023864746,9.359307289123535,9.359307289123535,7.098736763000488,38504697,0.0,0.0
2018-08-22,9.419913291931152,9.454545021057127,9.220779418945312,9.307358741760254,7.059335708618164,34634985,0.0,0.0
2018-08-23,9.393939018249512,9.506492614746094,9.350648880004885,9.367964744567873,7.105303287506104,25029658,0.0,0.0
2018-08-24,9.454545021057127,9.757575035095217,9.428570747375488,9.757575035095217,7.400811672210693,30409071,0.0,0.0
2018-08-27,9.670994758605955,9.783549308776855,9.558441162109377,9.670994758605955,7.335140705108643,25538782,0.0,0.0
2018-08-28,9.61038875579834,9.619047164916992,9.376623153686523,9.376623153686523,7.111870765686035,30361716,0.0,0.0
2018-08-29,9.445886611938477,9.506492614746094,9.264068603515623,9.359307289123535,7.098736763000488,27872460,0.0,0.0
2018-08-30,9.43722915649414,9.532466888427734,9.43722915649414,9.506492614746094,7.210371971130371,17968681,0.0,0.0
2018-08-31,9.376623153686523,9.523809432983398,9.307358741760254,9.489176750183104,7.197239875793457,20216427,0.0,0.0
2018-09-03,9.515151023864746,9.541125297546388,9.203462600708008,9.264068603515623,7.026502132415772,17915436,0.0,0.0
2018-09-04,9.307358741760254,9.506492614746094,9.264068603515623,9.367964744567873,7.105303287506104,23959435,0.0,0.0
2018-09-05,9.402597427368164,9.558441162109377,9.333333015441896,9.558441162109377,7.249773979187012,44201965,0.0,0.0
2018-09-06,9.567098617553713,9.66233730316162,9.255411148071287,9.428570747375488,7.151272296905518,40018786,0.0,0.0
2018-09-07,9.341991424560549,9.844155311584473,9.272727012634276,9.792206764221191,7.427074909210205,54939538,0.0,0.0
2018-09-10,9.852812767028809,9.939393043518066,9.575757026672363,9.731600761413574,7.381112098693848,32425123,0.0,0.0
2018-09-11,9.766233444213867,9.90476131439209,9.696969032287598,9.870128631591797,7.486179828643799,24017070,0.0,0.0
2018-09-12,9.87878704071045,10.06926441192627,9.852812767028809,9.956708908081056,7.551848888397217,22279372,0.0,0.0
2018-09-13,9.870128631591797,10.060606002807615,9.844155311584473,10.0,7.584683418273926,15639277,0.0,0.0
2018-09-14,10.060606002807615,10.095237731933594,9.87878704071045,10.043290138244627,7.617514610290527,20951584,0.0,0.0
2018-09-17,10.060606002807615,10.121212005615234,9.783549308776855,9.783549308776855,7.420513153076172,24745644,0.0,0.0
2018-09-18,9.766233444213867,10.008658409118652,9.70562744140625,10.0,7.584683418273926,19484619,0.0,0.0
2018-09-19,10.008658409118652,10.017315864562988,9.852812767028809,9.90476131439209,7.512445449829102,17204418,0.0,0.0
2018-09-20,9.956708908081056,10.0,9.731600761413574,9.83549690246582,7.459909439086914,21513723,0.0,0.0
2018-09-21,9.83549690246582,10.0,9.792206764221191,10.0,7.584683418273926,20515803,0.0,0.0
2018-09-24,10.0,10.380951881408691,9.991340637207031,10.380951881408691,7.873619556427002,36705900,0.0,0.0
2018-09-25,10.363636016845703,10.45021629333496,10.277055740356444,10.45021629333496,7.926157474517822,20099194,0.0,0.0
2018-09-26,10.346320152282717,10.42424201965332,10.1731595993042,10.259739875793455,7.781684398651123,20814486,0.0,0.0
2018-09-27,10.277055740356444,10.320345878601074,10.19913387298584,10.25108242034912,7.77512264251709,8334249,0.0,0.0
2018-09-28,10.26839828491211,10.285714149475098,10.155843734741213,10.26839828491211,7.788252353668213,14758474,0.0,0.0
2018-10-01,10.329004287719728,10.389610290527344,9.982683181762695,10.077921867370604,7.643784523010254,21840819,0.0,0.0
2018-10-02,10.095237731933594,10.46753215789795,10.051947593688965,10.46753215789795,7.93928861618042,25112472,0.0,0.0
2018-10-03,10.45021629333496,10.718613624572754,10.35497760772705,10.709956169128418,8.123161315917969,20987505,0.0,0.0
2018-10-04,10.62337589263916,10.883115768432615,10.614718437194824,10.813852310180664,8.2019624710083,28098955,0.0,0.0
2018-10-05,10.761903762817385,10.935064315795898,10.683981895446776,10.683981895446776,8.103458404541016,46788819,0.0,0.0
2018-10-08,10.84848403930664,10.909090042114258,10.528138160705566,10.588744163513184,8.044261932373047,27772783,0.017316,0.0
2018-10-09,10.588744163513184,10.666666030883787,10.311688423156738,10.432900428771973,7.925868988037109,30984030,0.0,0.0
2018-10-10,10.476189613342283,10.502163887023926,10.311688423156738,10.432900428771973,7.925868988037109,23189166,0.0,0.0
2018-10-11,10.303030014038086,10.701297760009766,10.26839828491211,10.701297760009766,8.129769325256348,28292764,0.0,0.0
2018-10-12,10.683981895446776,10.787878036499023,10.45021629333496,10.49350643157959,7.971911907196045,30038778,0.0,0.0
2018-10-15,10.49350643157959,10.519479751586914,10.1731595993042,10.1731595993042,7.728541374206543,25264816,0.0,0.0
2018-10-16,10.311688423156738,10.337661743164062,10.060606002807615,10.207792282104492,7.754857063293457,33522604,0.0,0.0
2018-10-17,10.259739875793455,10.39826774597168,10.22510814666748,10.311688423156738,7.833782196044922,28184656,0.0,0.0
2018-10-18,10.337661743164062,10.476189613342283,10.259739875793455,10.476189613342283,7.958757877349853,18242185,0.0,0.0
2018-10-19,10.389610290527344,10.545454025268556,10.372294425964355,10.545454025268556,8.011377334594727,17867965,0.0,0.0
2018-10-22,10.536795616149902,10.536795616149902,10.233765602111816,10.259739875793455,7.794317722320557,18440268,0.0,0.0
2018-10-23,10.303030014038086,10.415583610534668,10.242424011230469,10.303030014038086,7.832561492919922,19969719,0.007013,0.0
2018-10-24,10.39826774597168,10.46753215789795,10.294371604919434,10.294371604919434,7.825978755950928,20986119,0.0,0.0
2018-10-25,10.337661743164062,10.406926155090332,10.190476417541504,10.285714149475098,7.819397449493408,19808596,0.0,0.0
2018-10-26,10.303030014038086,10.39826774597168,10.129870414733888,10.1731595993042,7.733827114105225,55002832,0.0,0.0
2018-10-29,10.129870414733888,10.129870414733888,9.930734634399414,10.043290138244627,7.635101318359375,22250266,0.0,0.0
2018-10-30,10.043290138244627,10.242424011230469,10.034631729125977,10.216449737548828,7.766743183135986,16197489,0.0,0.0
2018-10-31,10.303030014038086,10.528138160705566,10.242424011230469,10.458873748779297,7.951034545898437,22787110,0.0,0.0
2018-11-01,10.484848022460938,10.995670318603516,10.458873748779297,10.952380180358888,8.326210021972656,29062918,0.0,0.0
2018-11-02,10.952380180358888,11.047618865966797,10.831168174743652,11.047618865966797,8.398612976074219,43766299,0.0,0.0
2018-11-05,10.961037635803224,11.108224868774414,10.87445831298828,11.01298713684082,8.372283935546875,37786056,0.0,0.0
2018-11-06,10.995670318603516,11.099567413330078,10.926405906677246,11.004328727722168,8.365702629089355,15518926,0.0,0.0
2018-11-07,11.004328727722168,11.151515007019045,10.865799903869627,11.151515007019045,8.477594375610352,19979767,0.0,0.0
2018-11-08,11.194805145263672,11.316017150878906,11.116883277893066,11.298701286315918,8.58949089050293,36257529,0.0,0.0
2018-11-09,11.255411148071287,11.428570747375488,11.203462600708008,11.220779418945312,8.530251502990723,53847486,0.0,0.0
2018-11-12,11.21212100982666,11.220779418945312,11.01298713684082,11.082250595092772,8.424938201904297,34704978,0.0,0.0
2018-11-13,11.090909004211426,11.246752738952637,11.05627727508545,11.246752738952637,8.54999828338623,21079789,0.0,0.0
2018-11-14,11.194805145263672,11.194805145263672,11.004328727722168,11.177489280700684,8.49734115600586,38370024,0.0,0.0
2018-11-15,11.177489280700684,11.194805145263672,11.082250595092772,11.18614673614502,8.503921508789062,30317248,0.0,0.0
2018-11-16,11.168830871582031,11.220779418945312,11.047618865966797,11.203462600708008,8.51708698272705,31694701,0.0,0.0
2018-11-19,11.203462600708008,11.324674606323242,11.18614673614502,11.194805145263672,8.510505676269531,26155668,0.0,0.0
2018-11-20,11.229436874389648,11.229436874389648,11.047618865966797,11.151515007019045,8.477594375610352,15966951,0.0,0.0
2018-11-21,11.134199142456056,11.21212100982666,10.995670318603516,11.099567413330078,8.438104629516602,28072968,0.0,0.0
2018-11-22,11.125540733337402,11.350648880004885,11.073593139648438,11.246752738952637,8.54999828338623,75099601,0.0,0.0
2018-11-23,11.255411148071287,11.558441162109377,11.255411148071287,11.428570747375488,8.688220977783203,44733496,0.0,0.0
2018-11-26,11.38528060913086,11.740259170532228,11.324674606323242,11.67965316772461,8.879095077514648,30895672,0.0,0.0
2018-11-27,11.722943305969238,11.731600761413574,11.489176750183104,11.489176750183104,8.734291076660156,22638000,0.0,0.0
2018-11-28,11.549782752990724,11.619047164916992,11.298701286315918,11.619047164916992,8.833020210266113,28266892,0.0,0.0
2018-11-29,11.619047164916992,11.870128631591797,11.61038875579834,11.688310623168944,8.885677337646484,30469708,0.0,0.0
2018-11-30,11.688310623168944,11.731600761413574,11.541125297546388,11.722943305969238,8.912007331848145,19899264,0.0,0.0
2018-12-03,11.688310623168944,11.94805145263672,11.558441162109377,11.94805145263672,9.083135604858398,19397763,0.0,0.0
2018-12-04,11.67965316772461,11.731600761413574,11.46320343017578,11.575757026672363,8.80010986328125,32088210,0.0,0.0
2018-12-05,11.515151023864746,11.532466888427734,11.082250595092772,11.082250595092772,8.424938201904297,31948686,0.0,0.0
2018-12-06,11.125540733337402,11.28138542175293,10.961037635803224,11.099567413330078,8.438104629516602,20978958,0.0,0.0
